Кількість вузлів: 21

Табуляція вузлів:
№  | Latitude  | Longitude | Elevation (m)
 0 | 48.164214 | 24.536044 | 1269.42
 1 | 48.164983 | 24.534836 | 1293.43
 2 | 48.165605 | 24.534068 | 1293.43
 3 | 48.166228 | 24.532915 | 1325.24
 4 | 48.166777 | 24.531927 | 1316.99
 5 | 48.167326 | 24.530884 | 1323.59
 6 | 48.167011 | 24.530061 | 1323.59
 7 | 48.166053 | 24.528039 | 1346.29
 8 | 48.166655 | 24.526064 | 1376.77
 9 | 48.166497 | 24.523574 | 1413.13
10 | 48.166128 | 24.520214 | 1482.93
11 | 48.165416 | 24.517170 | 1521.99
12 | 48.164546 | 24.514640 | 1547.84
13 | 48.163412 | 24.512980 | 1625.94
14 | 48.162331 | 24.511715 | 1742.89
15 | 48.162015 | 24.509462 | 1787.37
16 | 48.162147 | 24.506932 | 1822.82
17 | 48.161751 | 24.504244 | 1883.61
18 | 48.161197 | 24.501793 | 1972.86
19 | 48.160580 | 24.500537 | 1972.86
20 | 48.160250 | 24.500106 | 2016.72

Табуляція (відстань, висота):
№  | Distance (m) | Elevation (m)
 0 |         0.00 |    1269.42
 1 |       123.85 |    1293.43
 2 |       213.45 |    1293.43
 3 |       323.50 |    1325.24
 4 |       418.87 |    1316.99
 5 |       517.41 |    1323.59
 6 |       587.78 |    1323.59
 7 |       771.72 |    1346.29
 8 |       932.77 |    1376.77
 9 |      1118.27 |    1413.13
10 |      1370.81 |    1482.93
11 |      1610.05 |    1521.99
12 |      1821.16 |    1547.84
13 |      1997.39 |    1625.94
14 |      2149.88 |    1742.89
15 |      2320.63 |    1787.37
16 |      2508.86 |    1822.82
17 |      2713.03 |    1883.61
18 |      2904.98 |    1972.86
19 |      3020.67 |    1972.86
20 |      3069.34 |    2016.72

Табуляцію записано у файл tabulation.txt

===== Кубічний сплайн, 21 вузлів =====
Коефіцієнти тридіагональної системи (для c_2..c_n):
 i |     alpha     |     beta      |     gamma     |     delta
 2 |        0.0000 |      426.8953 |       89.5984 |     -0.581677
 3 |       89.5984 |      399.2982 |      110.0507 |      0.867234
 4 |      110.0507 |      410.8434 |       95.3710 |     -1.126989
 5 |       95.3710 |      387.8196 |       98.5388 |      0.460690
 6 |       98.5388 |      337.8215 |       70.3720 |     -0.200935
 7 |       70.3720 |      508.6301 |      183.9431 |      0.370260
 8 |      183.9431 |      689.9750 |      161.0444 |      0.197533
 9 |      161.0444 |      693.0901 |      185.5006 |      0.020308
10 |      185.5006 |      876.0926 |      252.5456 |      0.241057
11 |      252.5456 |      983.5645 |      239.2366 |     -0.339378
12 |      239.2366 |      900.6912 |      211.1090 |     -0.122450
13 |      211.1090 |      774.6828 |      176.2324 |      0.962204
14 |      176.2324 |      657.4323 |      152.4837 |      0.971388
15 |      152.4837 |      646.4849 |      170.7587 |     -1.519469
16 |      170.7587 |      717.9633 |      188.2229 |     -0.216448
17 |      188.2229 |      784.7936 |      204.1739 |      0.328219
18 |      204.1739 |      792.2400 |      191.9461 |      0.501613
19 |      191.9461 |      615.2851 |      115.6964 |     -1.394837
20 |      115.6964 |      328.7261 |        0.0000 |      2.704113
Перевірка прогонки: max|Ac - delta| = 4.441e-16

Коефіцієнти сплайнів:
 i |     a_i      |     b_i      |      c_i       |      d_i
 1 |    1269.4177 |     0.283699 |     0.00000000 |  -0.0000058549
 2 |    1293.4312 |     0.014280 |    -0.00217538 |   0.0000225004
 3 |    1293.4312 |     0.166350 |     0.00387262 |  -0.0000250560
 4 |    1325.2444 |     0.108349 |    -0.00439966 |   0.0000247004
 5 |    1316.9867 |    -0.056853 |     0.00266746 |  -0.0000143170
 6 |    1323.5867 |     0.051793 |    -0.00156489 |   0.0000117789
 7 |    1323.5867 |     0.006539 |     0.00092183 |  -0.0000015570
 8 |    1346.2889 |     0.187618 |     0.00006260 |  -0.0000003253
 9 |    1376.7689 |     0.182475 |    -0.00009454 |   0.0000009037
10 |    1413.1333 |     0.240688 |     0.00040835 |  -0.0000010572
11 |    1482.9334 |     0.244653 |    -0.00039265 |   0.0000002192
12 |    1521.9911 |     0.094409 |    -0.00023536 |   0.0000017439
13 |    1547.8400 |     0.228198 |     0.00086910 |   0.0000019903
14 |    1625.9423 |     0.719973 |     0.00192139 |  -0.0000105792
15 |    1742.8933 |     0.567995 |    -0.00291807 |   0.0000065427
16 |    1787.3733 |     0.143748 |     0.00043358 |  -0.0000010450
17 |    1822.8223 |     0.195898 |    -0.00015652 |   0.0000032096
18 |    1883.6133 |     0.533384 |     0.00180945 |  -0.0000112844
19 |    1972.8578 |    -0.019248 |    -0.00468855 |   0.0000419625
20 |    1972.8578 |     0.580944 |     0.00987619 |  -0.0000676451

===== Кубічний сплайн, 10 вузлів =====
Коефіцієнти тридіагональної системи (для c_2..c_n):
 i |     alpha     |     beta      |     gamma     |     delta
 2 |        0.0000 |      837.7387 |      205.4217 |      0.006500
 3 |      205.4217 |     1116.5511 |      352.8539 |     -0.094877
 4 |      352.8539 |     1398.7978 |      346.5451 |      0.329533
 5 |      346.5451 |     1676.6547 |      491.7823 |      0.085397
 6 |      491.7823 |     1758.2473 |      387.3414 |      0.141052
 7 |      387.3414 |     1797.6136 |      511.4654 |      0.349687
 8 |      511.4654 |     1815.1708 |      396.1200 |     -0.018511
 9 |      396.1200 |     1120.9661 |        0.0000 |     -0.335621
Перевірка прогонки: max|Ac - delta| = 2.776e-17

Коефіцієнти сплайнів:
 i |     a_i      |     b_i      |      c_i       |      d_i
 1 |    1269.4177 |     0.108710 |     0.00000000 |   0.0000000833
 2 |    1293.4312 |     0.120089 |     0.00005331 |  -0.0000003879
 3 |    1316.9867 |     0.092879 |    -0.00018577 |   0.0000004475
 4 |    1346.2889 |     0.128920 |     0.00028791 |  -0.0000002981
 5 |    1413.1333 |     0.221051 |    -0.00002205 |   0.0000000461
 6 |    1521.9911 |     0.232803 |     0.00004595 |   0.0000001184
 7 |    1625.9423 |     0.321708 |     0.00018357 |  -0.0000001172
 8 |    1822.8223 |     0.417492 |     0.00000370 |  -0.0000002562
 9 |    1972.8578 |     0.299840 |    -0.00030071 |   0.0000006099

===== Кубічний сплайн, 15 вузлів =====
Коефіцієнти тридіагональної системи (для c_2..c_n):
 i |     alpha     |     beta      |     gamma     |     delta
 2 |        0.0000 |      646.9967 |      199.6491 |     -0.103640
 3 |      199.6491 |      590.0402 |       95.3710 |     -0.737792
 4 |       95.3710 |      528.5635 |      168.9108 |      0.376976
 5 |      168.9108 |      705.7077 |      183.9431 |      0.253039
 6 |      183.9431 |     1060.9763 |      346.5451 |      0.208404
 7 |      346.5451 |     1198.1814 |      252.5456 |      0.250494
 8 |      252.5456 |      983.5645 |      239.2366 |     -0.339378
 9 |      239.2366 |     1253.1561 |      387.3414 |      0.315333
10 |      387.3414 |     1079.6503 |      152.4837 |      1.495809
11 |      152.4837 |     1022.9308 |      358.9817 |     -1.632958
12 |      358.9817 |     1126.3111 |      204.1739 |      0.225260
13 |      204.1739 |     1023.6328 |      307.6425 |     -0.022949
14 |      307.6425 |      712.6184 |        0.0000 |      1.833838
Перевірка прогонки: max|Ac - delta| = 2.220e-16

Коефіцієнти сплайнів:
 i |     a_i      |     b_i      |      c_i       |      d_i
 1 |    1269.4177 |     0.181303 |     0.00000000 |   0.0000008207
 2 |    1293.4312 |     0.219071 |     0.00030495 |  -0.0000030258
 3 |    1325.2444 |    -0.020986 |    -0.00150734 |   0.0000085929
 4 |    1316.9867 |    -0.074026 |     0.00095121 |  -0.0000016673
 5 |    1323.5867 |     0.104603 |     0.00010633 |  -0.0000000219
 6 |    1346.2889 |     0.141495 |     0.00009423 |   0.0000001560
 7 |    1413.1333 |     0.263018 |     0.00025644 |  -0.0000008058
 8 |    1482.9334 |     0.238360 |    -0.00035407 |   0.0000001679
 9 |    1521.9911 |     0.097766 |    -0.00023360 |   0.0000017402
10 |    1625.9423 |     0.700064 |     0.00178856 |  -0.0000088518
11 |    1742.8933 |     0.628068 |    -0.00226071 |   0.0000031516
12 |    1822.8223 |     0.223384 |     0.00113340 |  -0.0000037675
13 |    1883.6133 |     0.215045 |    -0.00117424 |   0.0000046098
14 |    1972.8578 |     0.801432 |     0.00308031 |  -0.0000210980

===== Кубічний сплайн, 20 вузлів =====
Коефіцієнти тридіагональної системи (для c_2..c_n):
 i |     alpha     |     beta      |     gamma     |     delta
 2 |        0.0000 |      426.8953 |       89.5984 |     -0.581677
 3 |       89.5984 |      399.2982 |      110.0507 |      0.867234
 4 |      110.0507 |      410.8434 |       95.3710 |     -1.126989
 5 |       95.3710 |      387.8196 |       98.5388 |      0.460690
 6 |       98.5388 |      337.8215 |       70.3720 |     -0.200935
 7 |       70.3720 |      508.6301 |      183.9431 |      0.370260
 8 |      183.9431 |      689.9750 |      161.0444 |      0.197533
 9 |      161.0444 |      693.0901 |      185.5006 |      0.020308
10 |      185.5006 |     1354.5658 |      491.7823 |      0.075960
11 |      491.7823 |     1405.7825 |      211.1090 |     -0.296731
12 |      211.1090 |      774.6828 |      176.2324 |      0.962204
13 |      176.2324 |      657.4323 |      152.4837 |      0.971388
14 |      152.4837 |      646.4849 |      170.7587 |     -1.519469
15 |      170.7587 |      717.9633 |      188.2229 |     -0.216448
16 |      188.2229 |      784.7936 |      204.1739 |      0.328219
17 |      204.1739 |      792.2400 |      191.9461 |      0.501613
18 |      191.9461 |      615.2851 |      115.6964 |     -1.394837
19 |      115.6964 |      328.7261 |        0.0000 |      2.704113
Перевірка прогонки: max|Ac - delta| = 4.441e-16

Коефіцієнти сплайнів:
 i |     a_i      |     b_i      |      c_i       |      d_i
 1 |    1269.4177 |     0.283699 |     0.00000000 |  -0.0000058549
 2 |    1293.4312 |     0.014280 |    -0.00217538 |   0.0000225005
 3 |    1293.4312 |     0.166351 |     0.00387264 |  -0.0000250563
 4 |    1325.2444 |     0.108344 |    -0.00439974 |   0.0000247019
 5 |    1316.9867 |    -0.056835 |     0.00266778 |  -0.0000143222
 6 |    1323.5867 |     0.051725 |    -0.00156609 |   0.0000118097
 7 |    1323.5867 |     0.006760 |     0.00092713 |  -0.0000015924
 8 |    1346.2889 |     0.186202 |     0.00004840 |  -0.0000001825
 9 |    1376.7689 |     0.187595 |    -0.00003975 |   0.0000004596
10 |    1413.1333 |     0.220287 |     0.00021599 |  -0.0000004348
11 |    1521.9911 |     0.117267 |    -0.00042547 |   0.0000021316
12 |    1547.8400 |     0.222616 |     0.00092450 |   0.0000018557
13 |    1625.9423 |     0.721374 |     0.00190561 |  -0.0000105360
14 |    1742.8933 |     0.567599 |    -0.00291408 |   0.0000065329
15 |    1787.3733 |     0.143859 |     0.00043257 |  -0.0000010428
16 |    1822.8223 |     0.195868 |    -0.00015625 |   0.0000032091
17 |    1883.6133 |     0.533392 |     0.00180937 |  -0.0000112842
18 |    1972.8578 |    -0.019249 |    -0.00468852 |   0.0000419624
19 |    1972.8578 |     0.580944 |     0.00987618 |  -0.0000676451

===== Вплив кількості вузлів на точність =====
Вузлів | max|f - φ| (м) | середня |f - φ| (м) | max похибка у GPS-вузлах (м)
    10 |         67.551 |              14.395 |                       64.043
    15 |         62.358 |               6.399 |                       58.630
    20 |          7.397 |               0.735 |                        7.395

===== Характеристики маршруту =====
Загальна довжина маршруту (м): 3069.34
Сумарний набір висоти (м): 755.56
Сумарний спуск (м): 8.26

===== Аналіз градієнта =====
Максимальний підйом (%): 106.16
Максимальний спуск (%): -19.39
Середній градієнт (%): 25.81
Частка маршруту з крутизною > 15%: 71.4%
  ділянка     0.0 –    86.0 м
  ділянка   211.9 –   317.8 м
  ділянка   377.7 –   388.5 м
  ділянка   695.6 –  1506.3 м
  ділянка  1768.8 –  2269.4 м
  ділянка  2329.3 –  2885.1 м
  ділянка  2925.0 –  2960.3 м
  ділянка  2995.6 –  3069.3 м

===== Механічна енергія підйому (m = 80 кг) =====
Механічна робота (Дж): 592966.98
Механічна робота (кДж): 592.97
Енергія (ккал): 141.72
