# x_i f_i
50.0000000000 20.0000000000
89.4736842105 31.5877117101
128.9473684211 41.8609570574
168.4210526316 51.8849262438
207.8947368421 61.8290759747
247.3684210526 71.7399662862
286.8421052632 81.6345646964
326.3157894737 91.5202519990
365.7894736842 101.4006575883
405.2631578947 111.2777349957
444.7368421053 121.1526114927
484.2105263158 131.0259745610
523.6842105263 140.8982628030
563.1578947368 150.7697667229
602.6315789474 160.6406849201
642.1052631579 170.5111568940
681.5789473684 180.3812829580
721.0526315789 190.2511367428
760.5263157895 200.1207732817
800.0000000000 209.9902343750
