# x f(x) N_n(x) eps(x) w_n(x)
5.0000000000e+01 2.0000000000e+01 2.0000000000e+01 0.0000000000e+00 -0.0000000000e+00
5.4166666667e+01 2.1411489152e+01 2.1289054239e+01 1.2243491303e-01 -2.5388205522e+23
5.8333333333e+01 2.2746598639e+01 2.2554419293e+01 1.9217934648e-01 -4.3808717075e+23
6.2500000000e+01 2.4025000000e+01 2.3798088129e+01 2.2691187111e-01 -5.6438588772e+23
6.6666666667e+01 2.5260416667e+01 2.5021912850e+01 2.3850381624e-01 -6.4309787380e+23
7.0833333333e+01 2.6462658593e+01 2.6227612775e+01 2.3504581806e-01 -6.8322823320e+23
7.5000000000e+01 2.7638888889e+01 2.7416782148e+01 2.2210674040e-01 -6.9259402083e+23
7.9166666667e+01 2.8794436750e+01 2.8590897515e+01 2.0353923508e-01 -6.7794148722e+23
8.3333333333e+01 2.9933333333e+01 2.9751324744e+01 1.8200858960e-01 -6.4505456104e+23
8.7500000000e+01 3.1058673469e+01 3.0899325738e+01 1.5934773156e-01 -5.9885505603e+23
9.1666666667e+01 3.2172865014e+01 3.2036064821e+01 1.3680019272e-01 -5.4349507038e+23
9.5833333333e+01 3.3277804033e+01 3.3162614825e+01 1.1518920746e-01 -4.8244202762e+23
1.0000000000e+02 3.4375000000e+01 3.4279962883e+01 9.5037117163e-02 -4.1855679012e+23
1.0416666667e+02 3.5465666667e+01 3.5389015935e+01 7.6650731196e-02 -3.5416525843e+23
1.0833333333e+02 3.6550788955e+01 3.6490605971e+01 6.0182983877e-02 -2.9112385241e+23
1.1250000000e+02 3.7631172840e+01 3.7585494995e+01 4.5677844803e-02 -2.3087925353e+23
1.1666666667e+02 3.8707482993e+01 3.8674379751e+01 3.3103242455e-02 -1.7452277092e+23
1.2083333333e+02 3.9780271502e+01 3.9757896194e+01 2.2375307881e-02 -1.2283967830e+23
1.2500000000e+02 4.0850000000e+01 4.0836623732e+01 1.3376267929e-02 -7.6353853109e+22
1.2916666667e+02 4.1917056885e+01 4.1911089235e+01 5.9676502330e-03 -3.5368034209e+22
1.3333333333e+02 4.2981770833e+01 4.2981770833e+01 2.4790836051e-11 2.6051786852e+11
1.3750000000e+02 4.4044421488e+01 4.4049101503e+01 4.6800154329e-03 2.9785045584e+22
1.4166666667e+02 4.5105247982e+01 4.5113472451e+01 8.2244692402e-03 5.4145605374e+22
1.4583333333e+02 4.6164455782e+01 4.6175236306e+01 1.0780523981e-02 7.3338279196e+22
1.5000000000e+02 4.7222222222e+01 4.7234710130e+01 1.2487907534e-02 8.7695164609e+22
1.5416666667e+02 4.8278700998e+01 4.8292178242e+01 1.3477243570e-02 9.7604033315e+22
1.5833333333e+02 4.9334025854e+01 4.9347894884e+01 1.3869029863e-02 1.0349106058e+23
1.6250000000e+02 5.0388313609e+01 5.0402086716e+01 1.3773106142e-02 1.0580589685e+23
1.6666666667e+02 5.1441666667e+01 5.1454955156e+01 1.3288489783e-02 1.0500888203e+23
1.7083333333e+02 5.2494175094e+01 5.2506678580e+01 1.2503485348e-02 1.0156021418e+23
1.7500000000e+02 5.3545918367e+01 5.3557414362e+01 1.1495995128e-02 9.5910894773e+22
1.7916666667e+02 5.4596966829e+01 5.4607300803e+01 1.0333974121e-02 8.8495283173e+22
1.8333333333e+02 5.5647382920e+01 5.5656458906e+01 9.0759853970e-03 7.9725102881e+22
1.8750000000e+02 5.6697222222e+01 5.6704994044e+01 7.7718216163e-03 6.9984751666e+22
1.9166666667e+02 5.7746534342e+01 5.7752997508e+01 6.4631660512e-03 5.9627777000e+22
1.9583333333e+02 5.8795363664e+01 5.8800547936e+01 5.1842724760e-03 4.8974387112e+22
2.0000000000e+02 5.9843750000e+01 5.9847712648e+01 3.9626479991e-03 3.8309876543e+22
2.0416666667e+02 6.0891729141e+01 6.0894548867e+01 2.8197266446e-03 2.7883853357e+22
2.0833333333e+02 6.1939333333e+01 6.1941104858e+01 1.7715244552e-03 1.7910163075e+22
2.1250000000e+02 6.2986591696e+01 6.2987420965e+01 8.2926924381e-04 8.5674120135e+21
2.1666666667e+02 6.4033530572e+01 6.4033530572e+01 4.8316906032e-13 6.5073943287e+10
2.2083333333e+02 6.5080173846e+01 6.5079460978e+01 7.1286754724e-04 -7.6804205593e+21
2.2500000000e+02 6.6126543210e+01 6.6125234198e+01 1.3090114982e-03 -1.4393135606e+22
2.2916666667e+02 6.7172658402e+01 6.7170867690e+01 1.7907118440e-03 -2.0086280289e+22
2.3333333333e+02 6.8218537415e+01 6.8216375018e+01 2.1623965872e-03 -2.4734533608e+22
2.3750000000e+02 6.9264196676e+01 6.9261766450e+01 2.4302259115e-03 -2.8336654833e+22
2.4166666667e+02 7.0309651209e+01 7.0307049495e+01 2.6017139009e-03 -3.0912914200e+22
2.4583333333e+02 7.1354914775e+01 7.1352229389e+01 2.6853869375e-03 -3.2502465045e+22
2.5000000000e+02 7.2400000000e+01 7.2397309522e+01 2.6904776166e-03 -3.3160699588e+22
2.5416666667e+02 7.3444918481e+01 7.3442291828e+01 2.6266527971e-03 -3.2956625794e+22
2.5833333333e+02 7.4489680888e+01 7.4487177114e+01 2.5037742376e-03 -3.1970298258e+22
2.6250000000e+02 7.5534297052e+01 7.5531965362e+01 2.3316901474e-03 -3.0290331824e+22
2.6666666667e+02 7.6578776042e+01 7.6576655986e+01 2.1200559023e-03 -2.8011522634e+22
2.7083333333e+02 7.7623126233e+01 7.7621248051e+01 1.8781821181e-03 -2.5232597539e+22
2.7500000000e+02 7.8667355372e+01 7.8665740464e+01 1.6149082513e-03 -2.2054109301e+22
2.7916666667e+02 7.9711470632e+01 7.9710132132e+01 1.3384998882e-03 -1.8576491663e+22
2.8333333333e+02 8.0755478662e+01 8.0754422094e+01 1.0565678956e-03 -1.4898285322e+22
2.8750000000e+02 8.1799385633e+01 8.1798609626e+01 7.7600763038e-04 -1.1114542946e+22
2.9166666667e+02 8.2843197279e+01 8.2842694322e+01 5.0295644024e-04 -7.3154187208e+21
2.9583333333e+02 8.3886918931e+01 8.3886676164e+01 2.4276773448e-04 -3.5849454524e+21
3.0000000000e+02 8.4930555556e+01 8.4930555556e+01 4.4437342694e-11 0.0000000000e+00
3.0416666667e+02 8.5974111778e+01 8.5974333359e+01 2.2158115976e-04 3.3705442743e+21
3.0833333333e+02 8.7017591916e+01 8.7018010905e+01 4.1898857778e-04 6.4664812142e+21
3.1250000000e+02 8.8061000000e+01 8.8061589990e+01 5.8998970435e-04 9.2367566294e+21
3.1666666667e+02 8.9104339797e+01 8.9105072870e+01 7.3307327305e-04 1.1639780521e+22
3.2083333333e+02 9.0147614831e+01 9.0148462240e+01 8.4740872474e-04 1.3643574549e+22
3.2500000000e+02 9.1190828402e+01 9.1191761202e+01 9.3279934758e-04 1.5225763711e+22
3.2916666667e+02 9.2233983603e+01 9.2234973233e+01 9.8963037026e-04 1.6373422241e+22
3.3333333333e+02 9.3277083333e+01 9.3278102146e+01 1.0188131304e-03 1.7082784636e+22
3.3750000000e+02 9.4320130316e+01 9.4321152042e+01 1.0217263642e-03 1.7358833433e+22
3.4166666667e+02 9.5363127107e+01 9.5364127262e+01 1.0001555911e-03 1.7214775985e+22
3.4583333333e+02 9.6406076112e+01 9.6407032343e+01 9.5623149380e-04 1.6671422942e+22
3.5000000000e+02 9.7448979592e+01 9.7449871960e+01 8.9236812346e-04 1.5756481481e+22
3.5416666667e+02 9.8491839677e+01 9.8492650879e+01 8.1120168713e-04 1.4503776538e+22
3.5833333333e+02 9.9534658374e+01 9.9535373905e+01 7.1553060810e-04 1.2952413399e+22
3.6250000000e+02 1.0057743757e+02 1.0057804583e+02 6.0825747880e-04 1.1145894998e+22
3.6666666667e+02 1.0162017906e+02 1.0162067140e+02 4.9233346250e-04 9.1312071330e+21
3.7083333333e+02 1.0266288453e+02 1.0266325523e+02 3.7070563340e-04 6.9578846087e+21
3.7500000000e+02 1.0370555556e+02 1.0370580182e+02 2.4626768347e-04 4.6770709854e+21
3.7916666667e+02 1.0474819366e+02 1.0474831547e+02 1.2181436259e-04 2.3405842210e+21
3.8333333333e+02 1.0579080025e+02 1.0579080025e+02 3.9364067561e-11 -1.8624283135e+10
3.8750000000e+02 1.0683337669e+02 1.0683325999e+02 1.1669891687e-04 -2.2942360186e+21
3.9166666667e+02 1.0787592425e+02 1.0787569823e+02 2.2601608352e-04 -4.4936564370e+21
3.9583333333e+02 1.0891844414e+02 1.0891811821e+02 3.2592387116e-04 -6.5525709422e+21
4.0000000000e+02 1.0996093750e+02 1.0996052284e+02 4.1465650037e-04 -8.4288065844e+21
4.0416666667e+02 1.1100340543e+02 1.1100291470e+02 4.9072867552e-04 -1.0084381189e+22
4.0833333333e+02 1.1204584895e+02 1.1204529600e+02 5.5294940316e-04 -1.1486102448e+22
4.1250000000e+02 1.1308826905e+02 1.1308766862e+02 6.0043107743e-04 -1.2606086150e+22
4.1666666667e+02 1.1413066667e+02 1.1413003407e+02 6.3259391506e-04 -1.3422187929e+22
4.2083333333e+02 1.1517304268e+02 1.1517239351e+02 6.4916586315e-04 -1.3918343924e+22
4.2500000000e+02 1.1621539792e+02 1.1621474775e+02 6.5017813728e-04 -1.4084816715e+22
4.2916666667e+02 1.1725773321e+02 1.1725709726e+02 6.3595658344e-04 -1.3918343924e+22
4.3333333333e+02 1.1830004931e+02 1.1829944220e+02 6.0710908620e-04 -1.3422187929e+22
4.3750000000e+02 1.1934234694e+02 1.1934178243e+02 5.6450927698e-04 -1.2606086150e+22
4.4166666667e+02 1.2038462679e+02 1.2038411752e+02 5.0927682091e-04 -1.1486102448e+22
4.4583333333e+02 1.2142688954e+02 1.2142644678e+02 4.4275458566e-04 -1.0084381189e+22
4.5000000000e+02 1.2246913580e+02 1.2246876932e+02 3.6648301720e-04 -8.4288065844e+21
4.5416666667e+02 1.2351136619e+02 1.2351108401e+02 2.8217206648e-04 -6.5525709422e+21
4.5833333333e+02 1.2455358127e+02 1.2455338960e+02 1.9167102698e-04 -4.4936564370e+21
4.6250000000e+02 1.2559578159e+02 1.2559568466e+02 9.6936658537e-05 -2.2942360186e+21
4.6666666667e+02 1.2663796769e+02 1.2663796769e+02 1.7479351300e-11 -1.8592555225e+10
4.7083333333e+02 1.2768014005e+02 1.2768023712e+02 9.7067854639e-05 2.3405842210e+21
4.7500000000e+02 1.2872229917e+02 1.2872249136e+02 1.9219025006e-04 4.6770709854e+21
4.7916666667e+02 1.2976444549e+02 1.2976472881e+02 2.8331993710e-04 6.9578846087e+21
4.8333333333e+02 1.3080657947e+02 1.3080694794e+02 3.6847349617e-04 9.1312071330e+21
4.8750000000e+02 1.3184870151e+02 1.3184914728e+02 4.4576517686e-04 1.1145894998e+22
4.9166666667e+02 1.3289081203e+02 1.3289132547e+02 5.1343962792e-04 1.2952413399e+22
4.9583333333e+02 1.3393291140e+02 1.3393348130e+02 5.6990313982e-04 1.4503776538e+22
5.0000000000e+02 1.3497500000e+02 1.3497561375e+02 6.1375300999e-04 1.5756481481e+22
5.0416666667e+02 1.3601707818e+02 1.3601772199e+02 6.4380465523e-04 1.6671422942e+22
5.0833333333e+02 1.3705914629e+02 1.3705980540e+02 6.5911610707e-04 1.7214775985e+22
5.1250000000e+02 1.3810120464e+02 1.3810186365e+02 6.5900954323e-04 1.7358833433e+22
5.1666666667e+02 1.3914325356e+02 1.3914389664e+02 6.4308952739e-04 1.7082784636e+22
5.2083333333e+02 1.4018529333e+02 1.4018590459e+02 6.1125764935e-04 1.6373422241e+22
5.2500000000e+02 1.4122732426e+02 1.4122788799e+02 5.6372328405e-04 1.5225763711e+22
5.2916666667e+02 1.4226934662e+02 1.4226984763e+02 5.0101021083e-04 1.3643574549e+22
5.3333333333e+02 1.4331136068e+02 1.4331178464e+02 4.2395886726e-04 1.1639780521e+22
5.3750000000e+02 1.4435336668e+02 1.4435370041e+02 3.3372403999e-04 9.2367566294e+21
5.4166666667e+02 1.4539536489e+02 1.4539559666e+02 2.3176783159e-04 6.4664812142e+21
5.4583333333e+02 1.4643735553e+02 1.4643747538e+02 1.1984777726e-04 3.3705442743e+21
5.5000000000e+02 1.4747933884e+02 1.4747933884e+02 2.5920599001e-11 -0.0000000000e+00
5.5416666667e+02 1.4852131504e+02 1.4852118955e+02 1.2548245934e-04 -3.5849454524e+21
5.5833333333e+02 1.4956328432e+02 1.4956303025e+02 2.5407668116e-04 -7.3154187208e+21
5.6250000000e+02 1.5060524691e+02 1.5060486385e+02 3.8306132112e-04 -1.1114542946e+22
5.6666666667e+02 1.5164720300e+02 1.5164669345e+02 5.0955329127e-04 -1.4898285322e+22
5.7083333333e+02 1.5268915277e+02 1.5268852222e+02 6.3054897379e-04 -1.8576491663e+22
5.7500000000e+02 1.5373109641e+02 1.5373035344e+02 7.4296994839e-04 -2.2054109301e+22
5.7916666667e+02 1.5477303409e+02 1.5477219038e+02 8.4371294517e-04 -2.5232597539e+22
5.8333333333e+02 1.5581496599e+02 1.5581403628e+02 9.2970370579e-04 -2.8011522634e+22
5.8750000000e+02 1.5685689226e+02 1.5685589430e+02 9.9795436941e-04 -3.0290331824e+22
5.9166666667e+02 1.5789881307e+02 1.5789776744e+02 1.0456239376e-03 -3.1970298258e+22
5.9583333333e+02 1.5894072856e+02 1.5893965848e+02 1.0700813047e-03 -3.2956625794e+22
6.0000000000e+02 1.5998263889e+02 1.5998156992e+02 1.0689702690e-03 -3.3160699588e+22
6.0416666667e+02 1.6102454419e+02 1.6102350392e+02 1.0402758697e-03 -3.2502465045e+22
6.0833333333e+02 1.6206644461e+02 1.6206546222e+02 9.8239131663e-04 -3.0912914200e+22
6.1250000000e+02 1.6310834027e+02 1.6310744609e+02 8.9418470571e-04 -2.8336654833e+22
6.1666666667e+02 1.6415023131e+02 1.6414945625e+02 7.7506463040e-04 -2.4734533608e+22
6.2083333333e+02 1.6519211785e+02 1.6519149280e+02 6.2504371681e-04 -2.0086280289e+22
6.2500000000e+02 1.6623400000e+02 1.6623355520e+02 4.4479902610e-04 -1.4393135606e+22
6.2916666667e+02 1.6727587789e+02 1.6727564216e+02 2.3572817992e-04 -7.6804205593e+21
6.3333333333e+02 1.6831775162e+02 1.6831775162e+02 2.7938540370e-11 6.5296038657e+10
6.3750000000e+02 1.6935962130e+02 1.6935988070e+02 2.5940186046e-04 8.5674120135e+21
6.4166666667e+02 1.7040148704e+02 1.7040202568e+02 5.3864313102e-04 1.7910163075e+22
6.4583333333e+02 1.7144334894e+02 1.7144418196e+02 8.3301348457e-04 2.7883853357e+22
6.5000000000e+02 1.7248520710e+02 1.7248634401e+02 1.1369120865e-03 3.8309876543e+22
6.5416666667e+02 1.7352706161e+02 1.7352850546e+02 1.4438464479e-03 4.8974387112e+22
6.5833333333e+02 1.7456891257e+02 1.7457065901e+02 1.7464462158e-03 5.9627777000e+22
6.6250000000e+02 1.7561076006e+02 1.7561279655e+02 2.0364938705e-03 6.9984751666e+22
6.6666666667e+02 1.7665260417e+02 1.7665490914e+02 2.3049743797e-03 7.9725102881e+22
6.7083333333e+02 1.7769444498e+02 1.7769698713e+02 2.5421459726e-03 8.8495283173e+22
6.7500000000e+02 1.7873628258e+02 1.7873902021e+02 2.7376343170e-03 9.5910894773e+22
6.7916666667e+02 1.7977811704e+02 1.7978099759e+02 2.8805524952e-03 1.0156021418e+23
6.8333333333e+02 1.8081994844e+02 1.8082290809e+02 2.9596493008e-03 1.0500888203e+23
6.8750000000e+02 1.8186177686e+02 1.8186474035e+02 2.9634884987e-03 1.0580589685e+23
6.9166666667e+02 1.8290360236e+02 1.8290648302e+02 2.8806618195e-03 1.0349106058e+23
6.9583333333e+02 1.8394542502e+02 1.8394812506e+02 2.7000385864e-03 9.7604033315e+22
7.0000000000e+02 1.8498724490e+02 1.8498965595e+02 2.4110550050e-03 8.7695164609e+22
7.0416666667e+02 1.8602906207e+02 1.8603106611e+02 2.0040462800e-03 7.3338279196e+22
7.0833333333e+02 1.8707087659e+02 1.8707234721e+02 1.4706248610e-03 5.4145605374e+22
7.1250000000e+02 1.8811268852e+02 1.8811349263e+02 8.0410825444e-04 2.9785045584e+22
7.1666666667e+02 1.8915449793e+02 1.8915449793e+02 1.3216094885e-11 2.6029577315e+11
7.2083333333e+02 1.9019630487e+02 1.9019536139e+02 9.4347255819e-04 -3.5368034209e+22
7.2500000000e+02 1.9123810939e+02 1.9123608463e+02 2.0247595538e-03 -7.6353853109e+22
7.2916666667e+02 1.9227991156e+02 1.9227667324e+02 3.2383253751e-03 -1.2283967830e+23
7.3333333333e+02 1.9332171143e+02 1.9331713752e+02 4.5739163000e-03 -1.7452277092e+23
7.3750000000e+02 1.9436350905e+02 1.9435749329e+02 6.0157549377e-03 -2.3087925353e+23
7.4166666667e+02 1.9540530446e+02 1.9539776281e+02 7.5416569005e-03 -2.9112385241e+23
7.4583333333e+02 1.9644709773e+02 1.9643797566e+02 9.1220650723e-03 -3.5416525843e+23
7.5000000000e+02 1.9748888889e+02 1.9747816989e+02 1.0718996667e-02 -4.1855679012e+23
7.5416666667e+02 1.9853067799e+02 1.9851839309e+02 1.2284898107e-02 -4.8244202762e+23
7.5833333333e+02 1.9957246508e+02 1.9955870368e+02 1.3761402576e-02 -5.4349507038e+23
7.6250000000e+02 2.0061425020e+02 2.0059917222e+02 1.5077984950e-02 -5.9885505603e+23
7.6666666667e+02 2.0165603340e+02 2.0163988289e+02 1.6150508606e-02 -6.4505456104e+23
7.7083333333e+02 2.0269781471e+02 2.0268093505e+02 1.6879658471e-02 -6.7794148722e+23
7.7500000000e+02 2.0373959417e+02 2.0372244492e+02 1.7149254459e-02 -6.9259402083e+23
7.7916666667e+02 2.0478137183e+02 2.0476454739e+02 1.6824439306e-02 -6.8322823320e+23
7.8333333333e+02 2.0582314773e+02 2.0580739799e+02 1.5749734573e-02 -6.4309787380e+23
7.8750000000e+02 2.0686492189e+02 2.0685117494e+02 1.3746958465e-02 -5.6438588772e+23
7.9166666667e+02 2.0790669437e+02 2.0789608137e+02 1.0612998881e-02 -4.3808717075e+23
7.9583333333e+02 2.0894846518e+02 2.0894234775e+02 6.1174349326e-03 -2.5388205522e+23
8.0000000000e+02 2.0999023438e+02 2.0999023438e+02 9.6349594969e-12 0.0000000000e+00
