# x f(x) N_n(x) eps(x) w_n(x)
5.0000000000e+01 2.0000000000e+01 2.0000000000e+01 0.0000000000e+00 0.0000000000e+00
5.9375000000e+01 2.3070896814e+01 2.2578083998e+01 4.9281281688e-01 2.5012303680e+11
6.8750000000e+01 2.5865185950e+01 2.5140377457e+01 7.2480849384e-01 4.4819300652e+11
7.8125000000e+01 2.8507250000e+01 2.7687555435e+01 8.1969456526e-01 5.9978260070e+11
8.7500000000e+01 3.1058673469e+01 3.0220279193e+01 8.3839427676e-01 7.1013427734e+11
9.6875000000e+01 3.3552777055e+01 3.2739196194e+01 8.1358086140e-01 7.8416895121e+11
1.0625000000e+02 3.6008866782e+01 3.5244940105e+01 7.6392667737e-01 8.2649468422e+11
1.1562500000e+02 3.8438755478e+01 3.7738130795e+01 7.0062468371e-01 8.4141537577e+11
1.2500000000e+02 4.0850000000e+01 4.0219374336e+01 6.3062566351e-01 8.3293945312e+11
1.3437500000e+02 4.3247616955e+01 4.2689263005e+01 5.5835394982e-01 8.0478856176e+11
1.4375000000e+02 4.5635042533e+01 4.5148375279e+01 4.8666725359e-01 7.6040625572e+11
1.5312500000e+02 4.8014694398e+01 4.7597275840e+01 4.1741855775e-01 7.0296668798e+11
1.6250000000e+02 5.0388313609e+01 5.0036515572e+01 3.5179803712e-01 6.3538330078e+11
1.7187500000e+02 5.2757179752e+01 5.2466631563e+01 2.9054818954e-01 5.6031751603e+11
1.8125000000e+02 5.5122250297e+01 5.4888147101e+01 2.3410319609e-01 4.8018742561e+11
1.9062500000e+02 5.7484253225e+01 5.7301571681e+01 1.8268154348e-01 3.9717648178e+11
2.0000000000e+02 5.9843750000e+01 5.9707401000e+01 1.3634900049e-01 3.1324218750e+11
2.0937500000e+02 6.2201179272e+01 6.2106116954e+01 9.5062317112e-02 2.3012478679e+11
2.1875000000e+02 6.4556887755e+01 6.4498187648e+01 5.8700106800e-02 1.4935595512e+11
2.2812500000e+02 6.6911152421e+01 6.6884067386e+01 2.7085034591e-02 7.2267489731e+10
2.3750000000e+02 6.9264196676e+01 6.9264196676e+01 2.8421709430e-13 -0.0000000000e+00
2.4687500000e+02 7.1616202331e+01 7.1639002229e+01 2.2799897220e-02 -6.6488402188e+10
2.5625000000e+02 7.3967318560e+01 7.4008896958e+01 4.1578397693e-02 -1.2641341209e+11
2.6562500000e+02 7.6317668685e+01 7.6374279981e+01 5.6611296147e-02 -1.7915584177e+11
2.7500000000e+02 7.8667355372e+01 7.8735536618e+01 6.8181246101e-02 -2.2425292969e+11
2.8437500000e+02 8.1016464648e+01 8.1093038391e+01 7.6573743093e-02 -2.6138965040e+11
2.9375000000e+02 8.3365069036e+01 8.3447143026e+01 8.2073990513e-02 -2.9039002419e+11
3.0312500000e+02 8.5713230019e+01 8.5798194452e+01 8.4964433186e-02 -3.1120842665e+11
3.1250000000e+02 8.8061000000e+01 8.8146522801e+01 8.5522800898e-02 -3.2392089844e+11
3.2187500000e+02 9.0408423862e+01 9.0492444407e+01 8.4020544864e-02 -3.2871645480e+11
3.3125000000e+02 9.2755540228e+01 9.2836261807e+01 8.0721579442e-02 -3.2588839531e+11
3.4062500000e+02 9.5102382480e+01 9.5178263743e+01 7.5881262858e-02 -3.1582561344e+11
3.5000000000e+02 9.7448979592e+01 9.7518725158e+01 6.9745566414e-02 -2.9900390625e+11
3.5937500000e+02 9.9795356805e+01 9.9857907199e+01 6.2550393385e-02 -2.7597728401e+11
3.6875000000e+02 1.0214153620e+02 1.0219605721e+02 5.4521017548e-02 -2.4736927986e+11
3.7812500000e+02 1.0448753714e+02 1.0453340876e+02 4.5871617930e-02 -2.1386425942e+11
3.8750000000e+02 1.0683337669e+02 1.0687018158e+02 3.6804891361e-02 -1.7619873047e+11
3.9687500000e+02 1.0917906992e+02 1.0920658165e+02 2.7511728331e-02 -1.3515265256e+11
4.0625000000e+02 1.1152463018e+02 1.1154280112e+02 1.8170940588e-02 -9.1540746689e+10
4.1562500000e+02 1.1387006932e+02 1.1387901835e+02 8.9490312517e-03 -4.6203804910e+10
4.2500000000e+02 1.1621539792e+02 1.1621539792e+02 2.4542146093e-11 0.0000000000e+00
4.3437500000e+02 1.1856062542e+02 1.1855209060e+02 8.5348224911e-03 4.6203804910e+10
4.4375000000e+02 1.2090576027e+02 1.2088923335e+02 1.6526916238e-02 9.1540746689e+10
4.5312500000e+02 1.2325081005e+02 1.2322694935e+02 2.3860692880e-02 1.3515265256e+11
4.6250000000e+02 1.2559578159e+02 1.2556534799e+02 3.0433599960e-02 1.7619873047e+11
4.7187500000e+02 1.2794068106e+02 1.2790452484e+02 3.6156210720e-02 2.1386425942e+11
4.8125000000e+02 1.3028551400e+02 1.3024456170e+02 4.0952301798e-02 2.4736927986e+11
4.9062500000e+02 1.3263028546e+02 1.3258552654e+02 4.4758920623e-02 2.7597728401e+11
5.0000000000e+02 1.3497500000e+02 1.3492747356e+02 4.7526444061e-02 2.9900390625e+11
5.0937500000e+02 1.3731966178e+02 1.3727044315e+02 4.9218629568e-02 3.1582561344e+11
5.1875000000e+02 1.3966427457e+02 1.3961446191e+02 4.9812659933e-02 3.2588839531e+11
5.2812500000e+02 1.4200884182e+02 1.4195954264e+02 4.9299182515e-02 3.2871645480e+11
5.3750000000e+02 1.4435336668e+02 1.4430568434e+02 4.7682343724e-02 3.2392089844e+11
5.4687500000e+02 1.4669785204e+02 1.4665287222e+02 4.4979819411e-02 3.1120842665e+11
5.5625000000e+02 1.4904230053e+02 1.4900107769e+02 4.1222841691e-02 2.9039002419e+11
5.6562500000e+02 1.5138671458e+02 1.5135025835e+02 3.6456222694e-02 2.6138965040e+11
5.7500000000e+02 1.5373109641e+02 1.5370035803e+02 3.0738375612e-02 2.2425292969e+11
5.8437500000e+02 1.5607544808e+02 1.5605130674e+02 2.4141333416e-02 1.7915584177e+11
5.9375000000e+02 1.5841977147e+02 1.5840302070e+02 1.6750765515e-02 1.2641341209e+11
6.0312500000e+02 1.6076406833e+02 1.6075540234e+02 8.6659926112e-03 6.6488402188e+10
6.1250000000e+02 1.6310834027e+02 1.6310834027e+02 1.4466650100e-11 -0.0000000000e+00
6.2187500000e+02 1.6545258879e+02 1.6546170934e+02 9.1205506136e-03 -7.2267489731e+10
6.3125000000e+02 1.6779681526e+02 1.6781537057e+02 1.8555310307e-02 -1.4935595512e+11
6.4062500000e+02 1.7014102097e+02 1.7016917120e+02 2.8150233508e-02 -2.3012478679e+11
6.5000000000e+02 1.7248520710e+02 1.7252294467e+02 3.7737569297e-02 -3.1324218750e+11
6.5937500000e+02 1.7482937476e+02 1.7487651062e+02 4.7135853665e-02 -3.9717648178e+11
6.6875000000e+02 1.7717352498e+02 1.7722967488e+02 5.6149902490e-02 -4.8018742561e+11
6.7812500000e+02 1.7951765872e+02 1.7958222952e+02 6.4570805213e-02 -5.6031751603e+11
6.8750000000e+02 1.8186177686e+02 1.8193395278e+02 7.2175919091e-02 -6.3538330078e+11
6.9687500000e+02 1.8420588025e+02 1.8428460911e+02 7.8728864007e-02 -7.0296668798e+11
7.0625000000e+02 1.8654996965e+02 1.8663394917e+02 8.3979517740e-02 -7.6040625572e+11
7.1562500000e+02 1.8889404581e+02 1.8898170982e+02 8.7664011686e-02 -8.0478856176e+11
7.2500000000e+02 1.9123810939e+02 1.9132761412e+02 8.9504726946e-02 -8.3293945312e+11
7.3437500000e+02 1.9358216105e+02 1.9367137134e+02 8.9210290772e-02 -8.4141537577e+11
7.4375000000e+02 1.9592620136e+02 1.9601267694e+02 8.6475573322e-02 -8.2649468422e+11
7.5312500000e+02 1.9827023091e+02 1.9835121259e+02 8.0981684692e-02 -7.8416895121e+11
7.6250000000e+02 2.0061425020e+02 2.0068664617e+02 7.2395972210e-02 -7.1013427734e+11
7.7187500000e+02 2.0295825974e+02 2.0301863176e+02 6.0372017950e-02 -5.9978260070e+11
7.8125000000e+02 2.0530226000e+02 2.0534680964e+02 4.4549636461e-02 -4.4819300652e+11
7.9062500000e+02 2.0764625141e+02 2.0767080628e+02 2.4554872677e-02 -2.5012303680e+11
8.0000000000e+02 2.0999023438e+02 2.0999023437e+02 2.5579538487e-13 0.0000000000e+00
