# x f(x) N_n(x) eps(x) w_n(x)
5.0000000000e+01 2.0000000000e+01 2.0000000000e+01 0.0000000000e+00 -0.0000000000e+00
5.1973684211e+01 2.0679689279e+01 2.0669430045e+01 1.0259234175e-02 -4.2883679902e+47
5.3947368421e+01 2.1339310874e+01 2.1322975331e+01 1.6335543333e-02 -7.1371420639e+47
5.5921052632e+01 2.1981647241e+01 2.1962195603e+01 1.9451637820e-02 -8.8671544995e+47
5.7894736842e+01 2.2609014789e+01 2.2588497410e+01 2.0517378875e-02 -9.7424820245e+47
5.9868421053e+01 2.3223354508e+01 2.3203148507e+01 2.0206001388e-02 -9.9788929230e+47
6.1842105263e+01 2.3826302685e+01 2.3807290997e+01 1.9011688476e-02 -9.7512084466e+47
6.3815789474e+01 2.4419246550e+01 2.4401953306e+01 1.7293243783e-02 -9.1997006212e+47
6.5789473684e+01 2.5003368421e+01 2.4988061095e+01 1.5307326306e-02 -8.4356364530e+47
6.7763157895e+01 2.5579680981e+01 2.5566447180e+01 1.3233800651e-02 -7.5460675032e+47
6.9736842105e+01 2.6149055667e+01 2.6137860568e+01 1.1195099393e-02 -6.5979537431e+47
7.1710526316e+01 2.6712245669e+01 2.6702974651e+01 9.2710174160e-03 -5.6417014422e+47
7.3684210526e+01 2.7269904672e+01 2.7262394664e+01 7.5100084231e-03 -4.7141865130e+47
7.5657894737e+01 2.7822602229e+01 2.7816664433e+01 5.9377951513e-03 -3.8413271649e+47
7.7631578947e+01 2.8370836420e+01 2.8366272508e+01 4.5639120895e-03 -3.0402628556e+47
7.9605263158e+01 2.8915044360e+01 2.8911657705e+01 3.3866547456e-03 -2.3211903050e+47
8.1578947368e+01 2.9455610932e+01 2.9453214131e+01 2.3968001459e-03 -1.6889017060e+47
8.3552631579e+01 2.9992876104e+01 2.9991295724e+01 1.5803800886e-03 -1.1440651783e+47
8.5526315789e+01 3.0527141078e+01 3.0526220352e+01 9.2072510216e-04 -6.8428291924e+46
8.7500000000e+01 3.1058673469e+01 3.1058273521e+01 3.9994821671e-04 -3.0495837112e+46
8.9473684211e+01 3.1587711710e+01 3.1587711710e+01 3.6031622130e-11 3.6012045352e+35
9.1447368421e+01 3.2114468781e+01 3.2114765384e+01 2.9660317831e-04 2.3761405751e+46
9.3421052632e+01 3.2639135405e+01 3.2639641703e+01 5.0629738312e-04 4.1538922066e+46
9.5394736842e+01 3.3161882784e+01 3.3162526959e+01 6.4417529542e-04 5.4096698538e+46
9.7368421053e+01 3.3682864942e+01 3.3683588769e+01 7.2382709202e-04 6.2186055476e+46
9.9342105263e+01 3.4202220759e+01 3.4202978041e+01 7.5728162303e-04 6.6525952821e+46
1.0131578947e+02 3.4720075721e+01 3.4720830740e+01 7.5501896602e-04 6.7789149629e+46
1.0328947368e+02 3.5236543438e+01 3.5237269471e+01 7.2603238318e-04 6.6593007178e+46
1.0526315789e+02 3.5751726974e+01 3.5752404897e+01 6.7792289527e-04 6.3494037818e+46
1.0723684211e+02 3.6265719992e+01 3.6266337006e+01 6.1701378150e-04 5.8985433314e+46
1.0921052632e+02 3.6778607773e+01 3.6779156248e+01 5.4847552074e-04 5.3496922241e+46
1.1118421053e+02 3.7290468093e+01 3.7290944547e+01 4.7645419293e-04 4.7396407780e+46
1.1315789474e+02 3.7801372008e+01 3.7801776206e+01 4.0419830929e-04 4.0992926200e+46
1.1513157895e+02 3.8311384533e+01 3.8311718713e+01 3.3418055081e-04 3.4540543990e+46
1.1710526316e+02 3.8820565253e+01 3.8820833465e+01 2.6821205748e-04 2.8242878986e+46
1.1907894737e+02 3.9328968856e+01 3.9329176404e+01 2.0754780063e-04 2.2257989226e+46
1.2105263158e+02 3.9836645607e+01 3.9836798590e+01 1.5298224356e-04 1.6703423466e+46
1.2302631579e+02 4.0343641774e+01 4.0343746709e+01 1.0493499676e-04 1.1661270412e+46
1.2500000000e+02 4.0850000000e+01 4.0850063527e+01 6.3526542924e-05 7.1830803679e+45
1.2697368421e+02 4.1355759639e+01 4.1355788283e+01 2.8644368797e-05 3.2945641203e+45
1.2894736842e+02 4.1860957057e+01 4.1860957057e+01 2.1444179765e-11 7.2032732903e+34
1.3092105263e+02 4.2365625901e+01 4.2365603079e+01 2.2822274993e-05 -2.7136981497e+45
1.3289473684e+02 4.2869797337e+01 4.2869757012e+01 4.0324739089e-05 -4.8732813596e+45
1.3486842105e+02 4.3373500266e+01 4.3373447204e+01 5.3062152233e-05 -6.5158488434e+45
1.3684210526e+02 4.3876761523e+01 4.3876699909e+01 6.1614239513e-05 -7.6859169688e+45
1.3881578947e+02 4.4379606046e+01 4.4379539483e+01 6.6563588128e-05 -8.4328672589e+45
1.4078947368e+02 4.4882057040e+01 4.4881988562e+01 6.8478410114e-05 -8.8087595563e+45
1.4276315789e+02 4.5384136115e+01 4.5384068216e+01 6.7899497040e-05 -8.8664910406e+45
1.4473684211e+02 4.5885863419e+01 4.5885798088e+01 6.5330761473e-05 -8.6582778843e+45
1.4671052632e+02 4.6387257753e+01 4.6387196520e+01 6.1232809117e-05 -8.2344337105e+45
1.4868421053e+02 4.6888336679e+01 4.6888280660e+01 5.6019039064e-05 -7.6424174630e+45
1.5065789474e+02 4.7389116616e+01 4.7389066562e+01 5.0053819358e-05 -6.9261226269e+45
1.5263157895e+02 4.7889612929e+01 4.7889569277e+01 4.3652337624e-05 -6.1253797770e+45
1.5460526316e+02 4.8389840009e+01 4.8389802927e+01 3.7081771971e-05 -5.2756450474e+45
1.5657894737e+02 4.8889811342e+01 4.8889780779e+01 3.0563475562e-05 -4.4078481655e+45
1.5855263158e+02 4.9389539586e+01 4.9389515310e+01 2.4275908871e-05 -3.5483750940e+45
1.6052631579e+02 4.9889036620e+01 4.9889018262e+01 1.8358092895e-05 -2.7191619596e+45
1.6250000000e+02 5.0388313609e+01 5.0388300696e+01 1.2913392659e-05 -1.9378787565e+45
1.6447368421e+02 5.0887381053e+01 5.0887373039e+01 8.0134722609e-06 -1.2181832203e+45
1.6644736842e+02 5.1386248829e+01 5.1386245127e+01 3.7022911457e-06 -5.7002722315e+44
1.6842105263e+02 5.1884926244e+01 5.1884926244e+01 3.7523761875e-11 -5.6428479144e+33
1.7039473684e+02 5.2383422065e+01 5.2383425158e+01 3.0930833006e-06 4.8830556677e+44
1.7236842105e+02 5.2881744562e+01 5.2881750155e+01 5.5932677370e-06 8.9391551566e+44
1.7434210526e+02 5.3379901538e+01 5.3379909068e+01 7.5297854352e-06 1.2180963713e+45
1.7631578947e+02 5.3877900365e+01 5.3877909307e+01 8.9419340767e-06 1.4639841845e+45
1.7828947368e+02 5.4375748005e+01 5.4375757881e+01 9.8762961400e-06 1.6362279756e+45
1.8026315789e+02 5.4873451043e+01 5.4873461428e+01 1.0384306044e-05 1.7406530860e+45
1.8223684211e+02 5.5371015711e+01 5.5371026231e+01 1.0520127226e-05 1.7839486478e+45
1.8421052632e+02 5.5868447905e+01 5.5868458244e+01 1.0338832674e-05 1.7733822173e+45
1.8618421053e+02 5.6365753215e+01 5.6365763110e+01 9.8948762925e-06 1.7165435831e+45
1.8815789474e+02 5.6862936934e+01 5.6862946175e+01 9.2408392121e-06 1.6211188558e+45
1.9013157895e+02 5.7360004087e+01 5.7360012513e+01 8.4264310090e-06 1.4946951566e+45
1.9210526316e+02 5.7856959437e+01 5.7856966935e+01 7.4977254130e-06 1.3445955608e+45
1.9407894737e+02 5.8353807511e+01 5.8353814008e+01 6.4966068933e-06 1.1777433898e+45
1.9605263158e+02 5.8850552607e+01 5.8850558067e+01 5.4604057595e-06 1.0005544915e+45
1.9802631579e+02 5.9347198808e+01 5.9347203230e+01 4.4216981223e-06 8.1885579091e+44
2.0000000000e+02 5.9843750000e+01 5.9843753408e+01 3.4082480411e-06 6.3782811398e+44
2.0197368421e+02 6.0340209878e+01 6.0340212321e+01 2.4430703505e-06 4.6197109676e+44
2.0394736842e+02 6.0836581960e+01 6.0836583504e+01 1.5445930117e-06 2.9508786081e+44
2.0592105263e+02 6.1332869595e+01 6.1332870322e+01 7.2689968533e-07 1.4028707361e+44
2.0789473684e+02 6.1829075975e+01 6.1829075975e+01 3.4695801787e-11 -3.5267799465e+32
2.0986842105e+02 6.2325204142e+01 6.2325203512e+01 6.2964583236e-07 -1.2398981476e+44
2.1184210526e+02 6.2821256997e+01 6.2821255838e+01 1.1590916813e-06 -2.3050651662e+44
2.1381578947e+02 6.3317237309e+01 6.3317235721e+01 1.5881578150e-06 -3.1893375022e+44
2.1578947368e+02 6.3813147719e+01 6.3813145800e+01 1.9191964071e-06 -3.8916035285e+44
2.1776315789e+02 6.4308990750e+01 6.4308988593e+01 2.1566520871e-06 -4.4152183469e+44
2.1973684211e+02 6.4804768811e+01 6.4804766504e+01 2.3066677670e-06 -4.7673938023e+44
2.2171052632e+02 6.5300484206e+01 6.5300481829e+01 2.3767082666e-06 -4.9585793086e+44
2.2368421053e+02 6.5796139137e+01 6.5796136762e+01 2.3752071314e-06 -5.0018472795e+44
2.2565789474e+02 6.6291735709e+01 6.6291733398e+01 2.3112407490e-06 -4.9122951415e+44
2.2763157895e+02 6.6787275939e+01 6.6787273745e+01 2.1942328203e-06 -4.7064740975e+44
2.2960526316e+02 6.7282761755e+01 6.7282759721e+01 2.0336905067e-06 -4.4018530500e+44
2.3157894737e+02 6.7778195003e+01 6.7778193164e+01 1.8389751659e-06 -4.0163244024e+44
2.3355263158e+02 6.8273577454e+01 6.8273575835e+01 1.6191049639e-06 -3.5677568485e+44
2.3552631579e+02 6.8768910803e+01 6.8768909421e+01 1.3825922309e-06 -3.0735987649e+44
2.3750000000e+02 6.9264196676e+01 6.9264195539e+01 1.1373118411e-06 -2.5505344307e+44
2.3947368421e+02 6.9759436630e+01 6.9759435740e+01 8.9040041473e-07 -2.0141940441e+44
2.4144736842e+02 7.0254632162e+01 7.0254631514e+01 6.4818468104e-07 -1.4789173725e+44
2.4342105263e+02 7.0749784706e+01 7.0749784290e+01 4.1613573387e-07 -9.5756987944e+43
2.4539473684e+02 7.1244895640e+01 7.1244895441e+01 1.9884758728e-07 -4.6140931186e+43
2.4736842105e+02 7.1739966286e+01 7.1739966286e+01 3.7175595935e-11 7.0535598930e+32
2.4934210526e+02 7.2234997915e+01 7.2234998093e+01 1.7743678882e-07 4.1882847128e+43
2.5131578947e+02 7.2729991748e+01 7.2729992079e+01 3.3153894208e-07 7.8898203676e+43
2.5328947368e+02 7.3224948957e+01 7.3224949418e+01 4.6100889506e-07 1.1060665412e+44
2.5526315789e+02 7.3719870673e+01 7.3719871238e+01 5.6530195991e-07 1.3673201587e+44
2.5723684211e+02 7.4214757978e+01 7.4214758623e+01 6.4452147797e-07 1.5715183947e+44
2.5921052632e+02 7.4709611919e+01 7.4709612618e+01 6.9934502278e-07 1.7188562689e+44
2.6118421053e+02 7.5204433498e+01 7.5204434229e+01 7.3094697939e-07 1.8108122390e+44
2.6315789474e+02 7.5699223684e+01 7.5699224425e+01 7.4091911983e-07 1.8499983088e+44
2.6513157895e+02 7.6193983408e+01 7.6193984139e+01 7.3119055344e-07 1.8400005856e+44
2.6710526316e+02 7.6688713567e+01 7.6688714271e+01 7.0395026341e-07 1.7852143128e+44
2.6907894737e+02 7.7183415024e+01 7.7183415686e+01 6.6157147671e-07 1.6906771230e+44
2.7105263158e+02 7.7678088614e+01 7.7678089220e+01 6.0654083711e-07 1.5619039343e+44
2.7302631579e+02 7.8172735138e+01 7.8172735680e+01 5.4139198369e-07 1.4047265641e+44
2.7500000000e+02 7.8667355372e+01 7.8667355841e+01 4.6864570891e-07 1.2251407664e+44
2.7697368421e+02 7.9161950061e+01 7.9161950452e+01 3.9075555947e-07 1.0291630159e+44
2.7894736842e+02 7.9656519927e+01 7.9656520237e+01 3.1006111101e-07 8.2269897578e+43
2.8092105263e+02 8.0151065663e+01 8.0151065892e+01 2.2874795036e-07 6.1142520346e+43
2.8289473684e+02 8.0645587942e+01 8.0645588091e+01 1.4881409527e-07 4.0068526871e+43
2.8486842105e+02 8.1140087411e+01 8.1140087483e+01 7.2044670674e-08 1.9540109649e+43
2.8684210526e+02 8.1634564696e+01 8.1634564696e+01 7.3328010330e-12 4.0306056531e+32
2.8881578947e+02 8.2129020401e+01 8.2129020335e+01 6.6033805979e-08 -1.8164245528e+43
2.9078947368e+02 8.2623455111e+01 8.2623454986e+01 1.2497763180e-07 -3.4624391540e+43
2.9276315789e+02 8.3117869388e+01 8.3117869212e+01 1.7603331059e-07 -4.9114146052e+43
2.9473684211e+02 8.3612263779e+01 8.3612263560e+01 2.1864236999e-07 -6.1430325969e+43
2.9671052632e+02 8.4106638811e+01 8.4106638558e+01 2.5248425572e-07 -7.1432654302e+43
2.9868421053e+02 8.4600994994e+01 8.4600994717e+01 2.7746266085e-07 -7.9042295576e+43
3.0065789474e+02 8.5095332822e+01 8.5095332528e+01 2.9368932530e-07 -8.4239250678e+43
3.0263157895e+02 8.5589652771e+01 8.5589652469e+01 3.0146395602e-07 -8.7058743945e+43
3.0460526316e+02 8.6083955304e+01 8.6083955002e+01 3.0125271167e-07 -8.7586743745e+43
3.0657894737e+02 8.6578240867e+01 8.6578240573e+01 2.9366506737e-07 -8.5954763210e+43
3.0855263158e+02 8.7072509894e+01 8.7072509614e+01 2.7942915892e-07 -8.2334090378e+43
3.1052631579e+02 8.7566762803e+01 8.7566762543e+01 2.5936714110e-07 -7.6929596763e+43
3.1250000000e+02 8.8061000000e+01 8.8060999766e+01 2.3437057450e-07 -6.9973270794e+43
3.1447368421e+02 8.8555221879e+01 8.8555221674e+01 2.0537591183e-07 -6.1717617557e+43
3.1644736842e+02 8.9049428820e+01 8.9049428647e+01 1.7334150471e-07 -5.2429059301e+43
3.1842105263e+02 8.9543621194e+01 8.9543621054e+01 1.3922546316e-07 -4.2381462388e+43
3.2039473684e+02 9.0037799356e+01 9.0037799252e+01 1.0396543360e-07 -3.1849906036e+43
3.2236842105e+02 9.0531963655e+01 9.0531963587e+01 6.8460039415e-08 -2.1104796596e+43
3.2434210526e+02 9.1026114428e+01 9.1026114394e+01 3.3552794321e-08 -1.0406418549e+43
3.2631578947e+02 9.1520251999e+01 9.1520251999e+01 1.7564616428e-11 -8.1533873191e+31
3.2828947368e+02 9.2014376686e+01 9.2014376718e+01 3.1452486837e-08 9.8886433183e+42
3.3026315789e+02 9.2508488796e+01 9.2508488856e+01 6.0254777168e-08 1.9056835654e+43
3.3223684211e+02 9.3002588627e+01 9.3002588712e+01 8.5883797851e-08 2.7328104613e+43
3.3421052632e+02 9.3496676467e+01 9.3496676575e+01 1.0793569061e-07 3.4554558358e+43
3.3618421053e+02 9.3990752598e+01 9.3990752724e+01 1.2611045008e-07 4.0618568133e+43
3.3815789474e+02 9.4484817293e+01 9.4484817433e+01 1.4021172490e-07 4.5433760449e+43
3.4013157895e+02 9.4978870815e+01 9.4978870965e+01 1.5014468602e-07 4.8945335374e+43
3.4210526316e+02 9.5472913423e+01 9.5472913579e+01 1.5591220404e-07 5.1129738508e+43
3.4407894737e+02 9.5966945365e+01 9.5966945522e+01 1.5760875272e-07 5.1993724374e+43
3.4605263158e+02 9.6460966884e+01 9.6460967040e+01 1.5541351672e-07 5.1572857926e+43
3.4802631579e+02 9.6954978217e+01 9.6954978367e+01 1.4958183669e-07 4.9929508623e+43
3.5000000000e+02 9.7448979592e+01 9.7448979732e+01 1.4043546059e-07 4.7150398016e+43
3.5197368421e+02 9.7942971232e+01 9.7942971360e+01 1.2835253926e-07 4.3343766929e+43
3.5394736842e+02 9.8436953353e+01 9.8436953467e+01 1.1375648512e-07 3.8636232129e+43
3.5592105263e+02 9.8930926166e+01 9.8930926264e+01 9.7105100849e-08 3.3169404864e+43
3.5789473684e+02 9.9424889877e+01 9.9424889955e+01 7.8878883869e-08 2.7096344806e+43
3.5986842105e+02 9.9918844683e+01 9.9918844742e+01 5.9570126609e-08 2.0577922830e+43
3.6184210526e+02 1.0041279078e+02 1.0041279082e+02 3.9671945729e-08 1.3779164720e+43
3.6381578947e+02 1.0090672835e+02 1.0090672837e+02 1.9668092932e-08 6.8656454324e+42
3.6578947368e+02 1.0140065759e+02 1.0140065759e+02 2.3163693186e-11 -3.6172102015e+31
3.6776315789e+02 1.0189457866e+02 1.0189457865e+02 1.8826341375e-08 -6.6613873400e+42
3.6973684211e+02 1.0238849175e+02 1.0238849172e+02 3.6479789856e-08 -1.2971459563e+43
3.7171052632e+02 1.0288239703e+02 1.0288239697e+02 5.2579082421e-08 -1.8795278700e+43
3.7368421053e+02 1.0337629465e+02 1.0337629458e+02 6.6814564548e-08 -2.4012489706e+43
3.7565789474e+02 1.0387018478e+02 1.0387018470e+02 7.8929630831e-08 -2.8519420178e+43
3.7763157895e+02 1.0436406757e+02 1.0436406748e+02 8.8723567160e-08 -3.2230787327e+43
3.7960526316e+02 1.0485794318e+02 1.0485794308e+02 9.6054236565e-08 -3.5080991448e+43
3.8157894737e+02 1.0535181175e+02 1.0535181165e+02 1.0083816449e-07 -3.7024983057e+43
3.8355263158e+02 1.0584567344e+02 1.0584567333e+02 1.0305070930e-07 -3.8038698785e+43
3.8552631579e+02 1.0633952837e+02 1.0633952827e+02 1.0272430018e-07 -3.8119068902e+43
3.8750000000e+02 1.0683337669e+02 1.0683337659e+02 9.9945765442e-08 -3.7283606876e+43
3.8947368421e+02 1.0732721853e+02 1.0732721844e+02 9.4853035648e-08 -3.5569598503e+43
3.9144736842e+02 1.0782105403e+02 1.0782105394e+02 8.7630425583e-08 -3.3032914884e+43
3.9342105263e+02 1.0831488330e+02 1.0831488322e+02 7.8503319401e-08 -2.9746479604e+43
3.9539473684e+02 1.0880870647e+02 1.0880870640e+02 6.7732585762e-08 -2.5798426005e+43
3.9736842105e+02 1.0930252367e+02 1.0930252361e+02 5.5607941363e-08 -2.1289985204e+43
3.9934210526e+02 1.0979633500e+02 1.0979633496e+02 4.2441172354e-08 -1.6333149510e+43
4.0131578947e+02 1.1029014060e+02 1.1029014057e+02 2.8558929444e-08 -1.1048159099e+43
4.0328947368e+02 1.1078394056e+02 1.1078394054e+02 1.4296034578e-08 -5.5608621375e+42
4.0526315789e+02 1.1127773500e+02 1.1127773500e+02 1.2306600183e-11 1.0366373413e+32
4.0723684211e+02 1.1177152402e+02 1.1177152403e+02 1.4037027540e-08 5.5055301761e+42
4.0921052632e+02 1.1226530773e+02 1.1226530776e+02 2.7462036201e-08 1.0829383672e+43
4.1118421053e+02 1.1275908623e+02 1.1275908627e+02 3.9990723621e-08 1.5850396323e+43
4.1315789474e+02 1.1325285962e+02 1.1325285967e+02 5.1351321417e-08 2.0455083824e+43
4.1513157895e+02 1.1374662800e+02 1.1374662806e+02 6.1302600329e-08 2.4539966200e+43
4.1710526316e+02 1.1424039146e+02 1.1424039153e+02 6.9637991373e-08 2.8013674967e+43
4.1907894737e+02 1.1473415009e+02 1.1473415017e+02 7.6189465403e-08 3.0798804699e+43
4.2105263158e+02 1.1522790399e+02 1.1522790407e+02 8.0830631077e-08 3.2833475541e+43
4.2302631579e+02 1.1572165324e+02 1.1572165332e+02 8.3478198576e-08 3.4072578532e+43
4.2500000000e+02 1.1621539792e+02 1.1621539801e+02 8.4094082808e-08 3.4488681388e+43
4.2697368421e+02 1.1670913813e+02 1.1670913822e+02 8.2684749714e-08 3.4072578532e+43
4.2894736842e+02 1.1720287395e+02 1.1720287403e+02 7.9301258893e-08 3.2833475541e+43
4.3092105263e+02 1.1769660545e+02 1.1769660552e+02 7.4037231457e-08 3.0798804699e+43
4.3289473684e+02 1.1819033271e+02 1.1819033277e+02 6.7027102091e-08 2.8013674967e+43
4.3486842105e+02 1.1868405581e+02 1.1868405587e+02 5.8442637396e-08 2.4539966200e+43
4.3684210526e+02 1.1917777483e+02 1.1917777488e+02 4.8489312121e-08 2.0455083824e+43
4.3881578947e+02 1.1967148983e+02 1.1967148987e+02 3.7401392206e-08 1.5850396323e+43
4.4078947368e+02 1.2016520090e+02 1.2016520093e+02 2.5437572049e-08 1.0829383672e+43
4.4276315789e+02 1.2065890810e+02 1.2065890811e+02 1.2875432276e-08 5.5055301761e+42
4.4473684211e+02 1.2115261149e+02 1.2115261149e+02 4.6611603466e-12 1.0382370903e+32
4.4671052632e+02 1.2164631115e+02 1.2164631114e+02 1.2877592326e-08 -5.5608621375e+42
4.4868421053e+02 1.2214000715e+02 1.2214000712e+02 2.5474037102e-08 -1.1048159099e+43
4.5065789474e+02 1.2263369954e+02 1.2263369950e+02 3.7493052218e-08 -1.6333149510e+43
4.5263157895e+02 1.2312738838e+02 1.2312738833e+02 4.8654754892e-08 -2.1289985204e+43
4.5460526316e+02 1.2362107375e+02 1.2362107369e+02 5.8697068539e-08 -2.5798426005e+43
4.5657894737e+02 1.2411475569e+02 1.2411475563e+02 6.7381293434e-08 -2.9746479604e+43
4.5855263158e+02 1.2460843428e+02 1.2460843420e+02 7.4497052083e-08 -3.3032914884e+43
4.6052631579e+02 1.2510210956e+02 1.2510210948e+02 7.9867206182e-08 -3.5569598503e+43
4.6250000000e+02 1.2559578159e+02 1.2559578151e+02 8.3351707758e-08 -3.7283606876e+43
4.6447368421e+02 1.2608945043e+02 1.2608945035e+02 8.4850910298e-08 -3.8119068902e+43
4.6644736842e+02 1.2658311613e+02 1.2658311605e+02 8.4307899328e-08 -3.8038698785e+43
4.6842105263e+02 1.2707677875e+02 1.2707677867e+02 8.1710766153e-08 -3.7024983057e+43
4.7039473684e+02 1.2757043833e+02 1.2757043825e+02 7.7092607853e-08 -3.5080991448e+43
4.7236842105e+02 1.2806409493e+02 1.2806409486e+02 7.0531967822e-08 -3.2230787327e+43
4.7434210526e+02 1.2855774859e+02 1.2855774853e+02 6.2152025748e-08 -2.8519420178e+43
4.7631578947e+02 1.2905139937e+02 1.2905139932e+02 5.2117911764e-08 -2.4012489706e+43
4.7828947368e+02 1.2954504731e+02 1.2954504727e+02 4.0635285359e-08 -1.8795278700e+43
4.8026315789e+02 1.3003869246e+02 1.3003869243e+02 2.7945162628e-08 -1.2971459563e+43
4.8223684211e+02 1.3053233486e+02 1.3053233485e+02 1.4320306718e-08 -6.6613873400e+42
4.8421052632e+02 1.3102597456e+02 1.3102597456e+02 6.0452975958e-11 -3.6172102015e+31
4.8618421053e+02 1.3151961160e+02 1.3151961162e+02 1.4514228042e-08 6.8656454324e+42
4.8815789474e+02 1.3201324603e+02 1.3201324606e+02 2.9069212815e-08 1.3779164720e+43
4.9013157895e+02 1.3250687789e+02 1.3250687793e+02 4.3262048166e-08 2.0577922830e+43
4.9210526316e+02 1.3300050722e+02 1.3300050727e+02 5.6749939858e-08 2.7096344806e+43
4.9407894737e+02 1.3349413405e+02 1.3349413412e+02 6.9196829600e-08 3.3169404864e+43
4.9605263158e+02 1.3398775843e+02 1.3398775851e+02 8.0280813108e-08 3.8636232129e+43
4.9802631579e+02 1.3448138040e+02 1.3448138049e+02 8.9701217121e-08 4.3343766929e+43
5.0000000000e+02 1.3497500000e+02 1.3497500010e+02 9.7186330095e-08 4.7150398016e+43
5.0197368421e+02 1.3546861726e+02 1.3546861736e+02 1.0249877391e-07 4.9929508623e+43
5.0394736842e+02 1.3596223222e+02 1.3596223232e+02 1.0544351881e-07 5.1572857926e+43
5.0592105263e+02 1.3645584491e+02 1.3645584502e+02 1.0587197607e-07 5.1993724374e+43
5.0789473684e+02 1.3694945537e+02 1.3694945548e+02 1.0368756875e-07 5.1129738508e+43
5.0986842105e+02 1.3744306364e+02 1.3744306374e+02 9.8849596952e-08 4.8945335374e+43
5.1184210526e+02 1.3793666975e+02 1.3793666984e+02 9.1375767397e-08 4.5433760449e+43
5.1381578947e+02 1.3843027372e+02 1.3843027381e+02 8.1344467162e-08 4.0618568133e+43
5.1578947368e+02 1.3892387561e+02 1.3892387567e+02 6.8895388949e-08 3.4554558358e+43
5.1776315789e+02 1.3941747542e+02 1.3941747548e+02 5.4228564750e-08 2.7328104613e+43
5.1973684211e+02 1.3991107321e+02 1.3991107325e+02 3.7603598457e-08 1.9056835654e+43
5.2171052632e+02 1.4040466899e+02 1.4040466901e+02 1.9335459456e-08 9.8886433183e+42
5.2368421053e+02 1.4089826280e+02 1.4089826280e+02 2.0961010705e-10 -8.1533873191e+31
5.2565789474e+02 1.4139185467e+02 1.4139185465e+02 2.0619665975e-08 -1.0406418549e+43
5.2763157895e+02 1.4188544463e+02 1.4188544459e+02 4.1443144028e-08 -2.1104796596e+43
5.2960526316e+02 1.4237903270e+02 1.4237903264e+02 6.2198381556e-08 -3.1849906036e+43
5.3157894737e+02 1.4287261891e+02 1.4287261883e+02 8.2381632183e-08 -4.2381462388e+43
5.3355263158e+02 1.4336620330e+02 1.4336620320e+02 1.0147732610e-07 -5.2429059301e+43
5.3552631579e+02 1.4385978588e+02 1.4385978576e+02 1.1896781871e-07 -6.1717617557e+43
5.3750000000e+02 1.4435336668e+02 1.4435336655e+02 1.3434714674e-07 -6.9973270794e+43
5.3947368421e+02 1.4484694574e+02 1.4484694559e+02 1.4712932739e-07 -7.6929596763e+43
5.4144736842e+02 1.4534052307e+02 1.4534052291e+02 1.5686353549e-07 -8.2334090378e+43
5.4342105263e+02 1.4583409870e+02 1.4583409854e+02 1.6314388063e-07 -8.5954763210e+43
5.4539473684e+02 1.4632767266e+02 1.4632767249e+02 1.6562174210e-07 -8.7586743745e+43
5.4736842105e+02 1.4682124496e+02 1.4682124480e+02 1.6401688185e-07 -8.7058743945e+43
5.4934210526e+02 1.4731481564e+02 1.4731481548e+02 1.5812753418e-07 -8.4239250678e+43
5.5131578947e+02 1.4780838471e+02 1.4780838457e+02 1.4783984170e-07 -7.9042295576e+43
5.5328947368e+02 1.4830195221e+02 1.4830195207e+02 1.3313666614e-07 -7.1432654302e+43
5.5526315789e+02 1.4879551814e+02 1.4879551803e+02 1.1410267575e-07 -6.1430325969e+43
5.5723684211e+02 1.4928908254e+02 1.4928908245e+02 9.0930910801e-08 -4.9114146052e+43
5.5921052632e+02 1.4978264542e+02 1.4978264536e+02 6.3923437210e-08 -3.4624391540e+43
5.6118421053e+02 1.5027620681e+02 1.5027620677e+02 3.3494700347e-08 -1.8164245528e+43
5.6315789474e+02 1.5076976672e+02 1.5076976672e+02 1.6751755538e-10 4.0306056531e+32
5.6513157895e+02 1.5126332519e+02 1.5126332522e+02 3.5429593481e-08 1.9540109649e+43
5.6710526316e+02 1.5175688222e+02 1.5175688229e+02 7.2569378062e-08 4.0068526871e+43
5.6907894737e+02 1.5225043783e+02 1.5225043794e+02 1.1043553627e-07 6.1142520346e+43
5.7105263158e+02 1.5274399206e+02 1.5274399221e+02 1.4813349480e-07 8.2269897578e+43
5.7302631579e+02 1.5323754491e+02 1.5323754510e+02 1.8470615260e-07 1.0291630159e+44
5.7500000000e+02 1.5373109641e+02 1.5373109663e+02 2.1915013804e-07 1.2251407664e+44
5.7697368421e+02 1.5422464657e+02 1.5422464682e+02 2.5043513574e-07 1.4047265641e+44
5.7894736842e+02 1.5471819541e+02 1.5471819569e+02 2.7752625442e-07 1.5619039343e+44
5.8092105263e+02 1.5521174295e+02 1.5521174325e+02 2.9940508739e-07 1.6906771230e+44
5.8289473684e+02 1.5570528921e+02 1.5570528953e+02 3.1509816267e-07 1.7852143128e+44
5.8486842105e+02 1.5619883421e+02 1.5619883453e+02 3.2369970882e-07 1.8400005856e+44
5.8684210526e+02 1.5669237795e+02 1.5669237828e+02 3.2440064501e-07 1.8499983088e+44
5.8881578947e+02 1.5718592047e+02 1.5718592078e+02 3.1651578070e-07 1.8108122390e+44
5.9078947368e+02 1.5767946176e+02 1.5767946206e+02 2.9950857083e-07 1.7188562689e+44
5.9276315789e+02 1.5817300186e+02 1.5817300214e+02 2.7301982186e-07 1.5715183947e+44
5.9473684211e+02 1.5866654078e+02 1.5866654102e+02 2.3689159434e-07 1.3673201587e+44
5.9671052632e+02 1.5916007853e+02 1.5916007872e+02 1.9118803607e-07 1.1060665412e+44
5.9868421053e+02 1.5965361512e+02 1.5965361526e+02 1.3621675521e-07 7.8898203676e+43
6.0065789474e+02 1.6014715058e+02 1.6014715066e+02 7.2544480645e-08 4.1882847128e+43
6.0263157895e+02 1.6064068492e+02 1.6064068492e+02 1.0094254321e-09 7.0662690099e+32
6.0460526316e+02 1.6113421815e+02 1.6113421807e+02 7.7273682564e-08 -4.6140931186e+43
6.0657894737e+02 1.6162775029e+02 1.6162775012e+02 1.6091030375e-07 -9.5756987944e+43
6.0855263158e+02 1.6212128134e+02 1.6212128109e+02 2.4823120270e-07 -1.4789173725e+44
6.1052631579e+02 1.6261481133e+02 1.6261481100e+02 3.3730461269e-07 -2.0141940441e+44
6.1250000000e+02 1.6310834027e+02 1.6310833985e+02 4.2595371497e-07 -2.5505344307e+44
6.1447368421e+02 1.6360186818e+02 1.6360186767e+02 5.1178409421e-07 -3.0735987649e+44
6.1644736842e+02 1.6409539506e+02 1.6409539446e+02 5.9221633819e-07 -3.5677568485e+44
6.1842105263e+02 1.6458892092e+02 1.6458892026e+02 6.6453156933e-07 -4.0163244024e+44
6.2039473684e+02 1.6508244579e+02 1.6508244506e+02 7.2591828371e-07 -4.4018530500e+44
6.2236842105e+02 1.6557596967e+02 1.6557596890e+02 7.7353135453e-07 -4.7064740975e+44
6.2434210526e+02 1.6606949258e+02 1.6606949177e+02 8.0456030105e-07 -4.9122951415e+44
6.2631578947e+02 1.6656301452e+02 1.6656301371e+02 8.1629721649e-07 -5.0018472795e+44
6.2828947368e+02 1.6705653552e+02 1.6705653472e+02 8.0622072574e-07 -4.9585793086e+44
6.3026315789e+02 1.6755005558e+02 1.6755005481e+02 7.7207911886e-07 -4.7673938023e+44
6.3223684211e+02 1.6804357472e+02 1.6804357400e+02 7.1197487728e-07 -4.4152183469e+44
6.3421052632e+02 1.6853709293e+02 1.6853709231e+02 6.2446224547e-07 -3.8916035285e+44
6.3618421053e+02 1.6903061025e+02 1.6903060974e+02 5.0863627621e-07 -3.1893375022e+44
6.3815789474e+02 1.6952412668e+02 1.6952412631e+02 3.6421914729e-07 -2.3050651662e+44
6.4013157895e+02 1.7001764222e+02 1.7001764203e+02 1.9165779008e-07 -1.2398981476e+44
6.4210526316e+02 1.7051115689e+02 1.7051115690e+02 7.8015887084e-09 -3.5839709726e+32
6.4407894737e+02 1.7100467071e+02 1.7100467094e+02 2.3203503474e-07 1.4028707361e+44
6.4605263158e+02 1.7149818367e+02 1.7149818415e+02 4.7798184255e-07 2.9508786081e+44
6.4802631579e+02 1.7199169580e+02 1.7199169654e+02 7.4159444807e-07 4.6197109676e+44
6.5000000000e+02 1.7248520710e+02 1.7248520812e+02 1.0178033278e-06 6.3782811398e+44
6.5197368421e+02 1.7297871758e+02 1.7297871888e+02 1.3005090693e-06 8.1885579091e+44
6.5394736842e+02 1.7347222725e+02 1.7347222884e+02 1.5825968944e-06 1.0005544915e+45
6.5592105263e+02 1.7396573613e+02 1.7396573798e+02 1.8559715613e-06 1.1777433898e+45
6.5789473684e+02 1.7445924421e+02 1.7445924632e+02 2.1116311189e-06 1.3445955608e+45
6.5986842105e+02 1.7495275151e+02 1.7495275385e+02 2.3397648192e-06 1.4946951566e+45
6.6184210526e+02 1.7544625805e+02 1.7544626058e+02 2.5298992341e-06 1.6211188558e+45
6.6381578947e+02 1.7593976382e+02 1.7593976649e+02 2.6710675911e-06 1.7165435831e+45
6.6578947368e+02 1.7643326884e+02 1.7643327159e+02 2.7520274841e-06 1.7733822173e+45
6.6776315789e+02 1.7692677312e+02 1.7692677588e+02 2.7615242573e-06 1.7839486478e+45
6.6973684211e+02 1.7742027666e+02 1.7742027935e+02 2.6885820716e-06 1.7406530860e+45
6.7171052632e+02 1.7791377948e+02 1.7791378200e+02 2.5228490017e-06 1.6362279756e+45
6.7368421053e+02 1.7840728157e+02 1.7840728383e+02 2.2549831158e-06 1.4639841845e+45
6.7565789474e+02 1.7890078296e+02 1.7890078484e+02 1.8770574002e-06 1.2180963713e+45
6.7763157895e+02 1.7939428365e+02 1.7939428503e+02 1.3830260173e-06 8.9391551566e+44
6.7960526316e+02 1.7988778365e+02 1.7988778442e+02 7.6918882996e-07 4.8830556677e+44
6.8157894737e+02 1.8038128296e+02 1.8038128299e+02 3.4714048525e-08 -5.6428479144e+33
6.8355263158e+02 1.8087478159e+02 1.8087478077e+02 8.1786993178e-07 -5.7002722315e+44
6.8552631579e+02 1.8136827956e+02 1.8136827777e+02 1.7821393499e-06 -1.2181832203e+45
6.8750000000e+02 1.8186177686e+02 1.8186177401e+02 2.8472837243e-06 -1.9378787565e+45
6.8947368421e+02 1.8235527351e+02 1.8235526951e+02 3.9976115147e-06 -2.7191619596e+45
6.9144736842e+02 1.8284876951e+02 1.8284876430e+02 5.2121213798e-06 -3.5483750940e+45
6.9342105263e+02 1.8334226488e+02 1.8334225841e+02 6.4641311326e-06 -4.4078481655e+45
6.9539473684e+02 1.8383575961e+02 1.8383575189e+02 7.7209621452e-06 -5.2756450474e+45
6.9736842105e+02 1.8432925371e+02 1.8432924477e+02 8.9437902488e-06 -6.1253797770e+45
6.9934210526e+02 1.8482274720e+02 1.8482273712e+02 1.0087558508e-05 -6.9261226269e+45
7.0131578947e+02 1.8531624008e+02 1.8531622898e+02 1.1101128422e-05 -7.6424174630e+45
7.0328947368e+02 1.8580973236e+02 1.8580972043e+02 1.1927555107e-05 -8.2344337105e+45
7.0526315789e+02 1.8630322404e+02 1.8630321153e+02 1.2504647145e-05 -8.6582778843e+45
7.0723684211e+02 1.8679671512e+02 1.8679670236e+02 1.2765756651e-05 -8.8664910406e+45
7.0921052632e+02 1.8729020563e+02 1.8729019299e+02 1.2640847274e-05 -8.8087595563e+45
7.1118421053e+02 1.8778369555e+02 1.8778368350e+02 1.2057951295e-05 -8.4328672589e+45
7.1315789474e+02 1.8827718491e+02 1.8827717396e+02 1.0944918472e-05 -7.6859169688e+45
7.1513157895e+02 1.8877067370e+02 1.8877066447e+02 9.2316139728e-06 -6.5158488434e+45
7.1710526316e+02 1.8926416193e+02 1.8926415508e+02 6.8525121435e-06 -4.8732813596e+45
7.1907894737e+02 1.8975764961e+02 1.8975764586e+02 3.7497435983e-06 -2.7136981497e+45
7.2105263158e+02 1.9025113674e+02 1.9025113687e+02 1.2337162048e-07 7.1903099911e+34
7.2302631579e+02 1.9074462334e+02 1.9074462813e+02 4.7983492664e-06 3.2945641203e+45
7.2500000000e+02 1.9123810939e+02 1.9123811968e+02 1.0287038577e-05 7.1830803679e+45
7.2697368421e+02 1.9173159492e+02 1.9173161150e+02 1.6576703615e-05 1.1661270412e+46
7.2894736842e+02 1.9222507993e+02 1.9222510355e+02 2.3624632490e-05 1.6703423466e+46
7.3092105263e+02 1.9271856442e+02 1.9271859577e+02 3.1352389442e-05 2.2257989226e+46
7.3289473684e+02 1.9321204840e+02 1.9321208804e+02 3.9639710678e-05 2.8242878986e+46
7.3486842105e+02 1.9370553187e+02 1.9370558018e+02 4.8318245689e-05 3.4540543990e+46
7.3684210526e+02 1.9419901484e+02 1.9419907200e+02 5.7165179328e-05 4.0992926200e+46
7.3881578947e+02 1.9469249731e+02 1.9469256321e+02 6.5896980317e-05 4.7396407780e+46
7.4078947368e+02 1.9518597929e+02 1.9518605346e+02 7.4163444225e-05 5.3496922241e+46
7.4276315789e+02 1.9567946079e+02 1.9567954234e+02 8.1542416780e-05 5.8985433314e+46
7.4473684211e+02 1.9617294181e+02 1.9617302935e+02 8.7535316084e-05 6.3494037818e+46
7.4671052632e+02 1.9666642236e+02 1.9666651392e+02 9.1564196026e-05 6.6593007178e+46
7.4868421053e+02 1.9715990243e+02 1.9715999540e+02 9.2970499168e-05 6.7789149629e+46
7.5065789474e+02 1.9765338204e+02 1.9765347306e+02 9.1016378661e-05 6.6525952821e+46
7.5263157895e+02 1.9814686119e+02 1.9814694608e+02 8.4889073605e-05 6.2186055476e+46
7.5460526316e+02 1.9864033988e+02 1.9864041359e+02 7.3709336419e-05 5.4096698538e+46
7.5657894737e+02 1.9913381813e+02 1.9913387467e+02 5.6544733098e-05 4.1538922066e+46
7.5855263158e+02 1.9962729593e+02 1.9962732835e+02 3.2429024657e-05 2.3761405751e+46
7.6052631579e+02 2.0012077328e+02 2.0012077367e+02 3.8890479459e-07 3.6089825147e+35
7.6250000000e+02 2.0061425020e+02 2.0061420968e+02 4.0520442951e-05 -3.0495837112e+46
7.6447368421e+02 2.0110772669e+02 2.0110763552e+02 9.1169172038e-05 -6.8428291924e+46
7.6644736842e+02 2.0160120275e+02 2.0160105046e+02 1.5229411164e-04 -1.1440651783e+47
7.6842105263e+02 2.0209467839e+02 2.0209445396e+02 2.2442533546e-04 -1.6889017060e+47
7.7039473684e+02 2.0258815360e+02 2.0258784581e+02 3.0779531519e-04 -2.3211903050e+47
7.7236842105e+02 2.0308162841e+02 2.0308122618e+02 4.0222797119e-04 -3.0402628556e+47
7.7434210526e+02 2.0357510280e+02 2.0357459579e+02 5.0700408522e-04 -3.8413271649e+47
7.7631578947e+02 2.0406857679e+02 2.0406795609e+02 6.2069957730e-04 -4.7141865130e+47
7.7828947368e+02 2.0456205037e+02 2.0456130938e+02 7.4099238725e-04 -5.6417014422e+47
7.8026315789e+02 2.0505552356e+02 2.0505465912e+02 8.6443322996e-04 -6.5979537431e+47
7.8223684211e+02 2.0554899635e+02 2.0554801017e+02 9.8617510127e-04 -7.5460675032e+47
7.8421052632e+02 2.0604246875e+02 2.0604136909e+02 1.0996555798e-03 -8.4356364530e+47
7.8618421053e+02 2.0653594076e+02 2.0653474454e+02 1.1962252073e-03 -9.1997006212e+47
7.8815789474e+02 2.0702941240e+02 2.0702814768e+02 1.2647149453e-03 -9.7512084466e+47
7.9013157895e+02 2.0752288365e+02 2.0752159272e+02 1.2909341983e-03 -9.9788929230e+47
7.9210526316e+02 2.0801635453e+02 2.0801509744e+02 1.2570906528e-03 -9.7424820245e+47
7.9407894737e+02 2.0850982504e+02 2.0850868392e+02 1.1411215099e-03 -8.8671544995e+47
7.9605263158e+02 2.0900329518e+02 2.0900237926e+02 9.1592532343e-04 -7.1371420639e+47
7.9802631579e+02 2.0949676496e+02 2.0949621648e+02 5.4848182387e-04 -4.2883679902e+47
8.0000000000e+02 2.0999023438e+02 2.0999023553e+02 1.1538246838e-06 0.0000000000e+00
