# x f(x) eps_m1 eps_m2 eps_m3 eps_m4 eps_m5 eps_m6 eps_m7 eps_m8 eps_m9 eps_m10
1.00 -2.000 9.8433 7.4138 5.1308 7.8859 4.7911 1.5606 1.4401 0.3937 0.3571 0.0302
1.05 -1.900 9.7574 7.3610 5.1443 7.1794 4.3653 1.0322 0.9417 0.1093 0.1009 0.2951
1.10 -1.800 9.6715 7.3080 5.1569 6.4880 3.9453 0.5445 0.4820 0.1424 0.1259 0.5657
1.15 -1.700 9.5856 7.2548 5.1687 5.8116 3.5312 0.0960 0.0597 0.3638 0.3256 0.7861
1.20 -1.600 9.4997 7.2016 5.1796 5.1500 3.1230 0.3143 0.3265 0.5575 0.5004 0.9608
1.25 -1.500 9.4138 7.1481 5.1896 4.5031 2.7207 0.6878 0.6776 0.7256 0.6522 1.0937
1.30 -1.400 9.3279 7.0946 5.1988 3.8707 2.3244 1.0256 0.9948 0.8703 0.7831 1.1888
1.35 -1.300 9.2419 7.0408 5.2071 3.2526 1.9340 1.3290 1.2793 0.9936 0.8950 1.2494
1.40 -1.200 9.1560 6.9870 5.2145 2.6488 1.5495 1.5992 1.5321 1.0975 0.9896 1.2790
1.45 -1.100 9.0701 6.9330 5.2211 2.0591 1.1709 1.8373 1.7544 1.1839 1.0686 1.2807
1.50 -1.000 8.9842 6.8788 5.2268 1.4833 0.7984 2.0445 1.9472 1.2545 1.1337 1.2573
1.55 -0.900 8.8983 6.8245 5.2316 0.9214 0.4318 2.2218 2.1116 1.3112 1.1864 1.2114
1.60 -0.800 8.8124 6.7701 5.2356 0.3730 0.0712 2.3704 2.2486 1.3554 1.2282 1.1456
1.65 -0.700 8.7265 6.7155 5.2388 0.1618 0.2834 2.4913 2.3592 1.3887 1.2606 1.0622
1.70 -0.600 8.6406 6.6608 5.2411 0.6833 0.6320 2.5856 2.4445 1.4127 1.2847 0.9632
1.75 -0.500 8.5546 6.6059 5.2426 1.1916 0.9747 2.6544 2.5053 1.4285 1.3020 0.8506
1.80 -0.400 8.4687 6.5509 5.2432 1.6868 1.3113 2.6985 2.5427 1.4376 1.3135 0.7261
1.85 -0.300 8.3828 6.4957 5.2430 2.1691 1.6419 2.7192 2.5576 1.4412 1.3204 0.5916
1.90 -0.200 8.2969 6.4404 5.2420 2.6385 1.9665 2.7172 2.5509 1.4405 1.3238 0.4483
1.95 -0.100 8.2110 6.3850 5.2401 3.0953 2.2851 2.6936 2.5235 1.4365 1.3246 0.2977
2.00 0.000 8.1251 6.3294 5.2375 3.5396 2.5977 2.6494 2.4763 1.4303 1.3239 0.1411
2.05 0.250 7.8892 6.1236 5.0840 3.8216 2.7543 2.7353 2.5603 1.2728 1.1724 0.1295
2.10 0.500 7.6532 5.9177 4.9296 4.0912 2.9049 2.8024 2.6261 1.1149 1.0210 0.1140
2.15 0.750 7.4173 5.7117 4.7745 4.3488 3.0495 2.8515 2.6748 0.9575 0.8704 0.0955
2.20 1.000 7.1814 5.5056 4.6186 4.5945 3.1882 2.8835 2.7070 0.8014 0.7215 0.0748
2.25 1.250 6.9455 5.2992 4.4618 4.8282 3.3208 2.8992 2.7236 0.6472 0.5747 0.0526
2.30 1.500 6.7096 5.0928 4.3043 5.0503 3.4474 2.8995 2.7255 0.4957 0.4309 0.0296
2.35 1.750 6.4737 4.8862 4.1459 5.2609 3.5680 2.8852 2.7132 0.3475 0.2904 0.0063
2.40 2.000 6.2378 4.6794 3.9868 5.4600 3.6827 2.8570 2.6877 0.2031 0.1538 0.0168
2.45 2.250 6.0019 4.4726 3.8268 5.6478 3.7914 2.8157 2.6497 0.0631 0.0217 0.0393
2.50 2.500 5.7659 4.2655 3.6661 5.8245 3.8942 2.7621 2.5998 0.0721 0.1056 0.0609
2.55 2.750 5.5300 4.0583 3.5045 5.9902 3.9910 2.6970 2.5388 0.2020 0.2278 0.0812
2.60 3.000 5.2941 3.8510 3.3422 6.1449 4.0819 2.6210 2.4674 0.3262 0.3443 0.0999
2.65 3.250 5.0582 3.6436 3.1791 6.2889 4.1668 2.5349 2.3862 0.4445 0.4550 0.1170
2.70 3.500 4.8223 3.4359 3.0152 6.4223 4.2458 2.4394 2.2959 0.5565 0.5596 0.1322
2.75 3.750 4.5864 3.2282 2.8506 6.5451 4.3190 2.3351 2.1972 0.6619 0.6578 0.1455
2.80 4.000 4.3505 3.0203 2.6852 6.6576 4.3862 2.2227 2.0907 0.7605 0.7494 0.1568
2.85 4.250 4.1146 2.8123 2.5190 6.7599 4.4476 2.1029 1.9770 0.8522 0.8343 0.1661
2.90 4.500 3.8786 2.6041 2.3520 6.8520 4.5031 1.9762 1.8567 0.9368 0.9124 0.1733
2.95 4.750 3.6427 2.3957 2.1843 6.9341 4.5528 1.8434 1.7304 1.0141 0.9835 0.1785
3.00 5.000 3.4068 2.1873 2.0158 7.0064 4.5966 1.7049 1.5986 1.0840 1.0475 0.1817
3.05 5.250 3.1709 1.9786 1.8466 7.0689 4.6347 1.5615 1.4620 1.1466 1.1045 0.1830
3.10 5.500 2.9350 1.7699 1.6766 7.1218 4.6669 1.4135 1.3211 1.2018 1.1543 0.1825
3.15 5.750 2.6991 1.5610 1.5058 7.1653 4.6934 1.2617 1.1764 1.2495 1.1971 0.1803
3.20 6.000 2.4632 1.3519 1.3343 7.1993 4.7141 1.1065 1.0284 1.2899 1.2328 0.1766
3.25 6.250 2.2272 1.1427 1.1621 7.2241 4.7291 0.9485 0.8777 1.3229 1.2615 0.1713
3.30 6.500 1.9913 0.9334 0.9891 7.2398 4.7383 0.7882 0.7247 1.3486 1.2833 0.1647
3.35 6.750 1.7554 0.7239 0.8154 7.2465 4.7419 0.6260 0.5699 1.3671 1.2983 0.1570
3.40 7.000 1.5195 0.5143 0.6410 7.2444 4.7398 0.4625 0.4138 1.3786 1.3065 0.1482
3.45 7.250 1.2836 0.3045 0.4658 7.2334 4.7321 0.2982 0.2568 1.3831 1.3082 0.1386
3.50 7.500 1.0477 0.0946 0.2899 7.2139 4.7188 0.1335 0.0994 1.3809 1.3034 0.1282
3.55 7.750 0.8118 0.1154 0.1133 7.1858 4.6998 0.0312 0.0580 1.3721 1.2924 0.1172
3.60 8.000 0.5759 0.3256 0.0641 7.1493 4.6753 0.1955 0.2150 1.3568 1.2754 0.1058
3.65 8.250 0.3399 0.5360 0.2421 7.1045 4.6452 0.3588 0.3712 1.3354 1.2525 0.0942
3.70 8.500 0.1040 0.7465 0.4209 7.0516 4.6096 0.5209 0.5262 1.3080 1.2240 0.0824
3.75 8.750 0.1319 0.9571 0.6004 6.9906 4.5686 0.6812 0.6796 1.2749 1.1901 0.0706
3.80 9.000 0.3678 1.1679 0.7806 6.9217 4.5220 0.8395 0.8310 1.2363 1.1510 0.0590
3.85 9.250 0.6037 1.3788 0.9615 6.8450 4.4700 0.9954 0.9800 1.1925 1.1070 0.0476
3.90 9.500 0.8396 1.5899 1.1431 6.7606 4.4126 1.1484 1.1265 1.1438 1.0584 0.0366
3.95 9.750 1.0755 1.8011 1.3254 6.6686 4.3498 1.2983 1.2699 1.0904 1.0055 0.0261
4.00 10.000 1.3114 2.0124 1.5084 6.5691 4.2817 1.4447 1.4099 1.0326 0.9484 0.0162
4.05 10.250 1.5474 2.2239 1.6921 6.4623 4.2082 1.5874 1.5464 0.9708 0.8876 0.0070
4.10 10.500 1.7833 2.4356 1.8765 6.3482 4.1295 1.7259 1.6789 0.9052 0.8233 0.0015
4.15 10.750 2.0192 2.6474 2.0615 6.2270 4.0455 1.8600 1.8071 0.8362 0.7558 0.0092
4.20 11.000 2.2551 2.8593 2.2473 6.0988 3.9563 1.9895 1.9309 0.7641 0.6855 0.0160
4.25 11.250 2.4910 3.0714 2.4337 5.9636 3.8619 2.1139 2.0499 0.6892 0.6126 0.0219
4.30 11.500 2.7269 3.2836 2.6208 5.8217 3.7623 2.2331 2.1638 0.6119 0.5375 0.0269
4.35 11.750 2.9628 3.4960 2.8086 5.6730 3.6576 2.3469 2.2724 0.5325 0.4606 0.0308
4.40 12.000 3.1988 3.7085 2.9970 5.5178 3.5478 2.4548 2.3755 0.4513 0.3820 0.0339
4.45 12.250 3.4347 3.9211 3.1861 5.3561 3.4329 2.5569 2.4728 0.3687 0.3022 0.0359
4.50 12.500 3.6706 4.1339 3.3759 5.1880 3.3131 2.6527 2.5641 0.2851 0.2216 0.0371
4.55 12.750 3.9065 4.3468 3.5663 5.0136 3.1882 2.7421 2.6492 0.2007 0.1404 0.0373
4.60 13.000 4.1424 4.5599 3.7574 4.8331 3.0584 2.8248 2.7279 0.1160 0.0590 0.0367
4.65 13.250 4.3783 4.7732 3.9492 4.6466 2.9237 2.9008 2.8000 0.0313 0.0223 0.0353
4.70 13.500 4.6142 4.9865 4.1415 4.4540 2.7841 2.9698 2.8653 0.0531 0.1032 0.0331
4.75 13.750 4.8501 5.2000 4.3346 4.2557 2.6397 3.0316 2.9237 0.1368 0.1832 0.0303
4.80 14.000 5.0861 5.4137 4.5283 4.0516 2.4905 3.0860 2.9750 0.2195 0.2621 0.0270
4.85 14.250 5.3220 5.6275 4.7226 3.8418 2.3365 3.1329 3.0189 0.3007 0.3396 0.0232
4.90 14.500 5.5579 5.8415 4.9175 3.6265 2.1778 3.1722 3.0555 0.3802 0.4152 0.0191
4.95 14.750 5.7938 6.0555 5.1131 3.4058 2.0144 3.2037 3.0844 0.4577 0.4887 0.0148
5.00 15.000 6.0297 6.2698 5.3094 3.1798 1.8464 3.2273 3.1057 0.5327 0.5597 0.0104
5.05 15.250 6.2656 6.4842 5.5062 2.9485 1.6738 3.2428 3.1192 0.6050 0.6280 0.0061
5.10 15.500 6.5015 6.6987 5.7037 2.7120 1.4967 3.2501 3.1247 0.6742 0.6931 0.0021
5.15 15.750 6.7374 6.9133 5.9018 2.4706 1.3150 3.2492 3.1221 0.7399 0.7548 0.0015
5.20 16.000 6.9734 7.1282 6.1005 2.2242 1.1289 3.2399 3.1114 0.8020 0.8127 0.0045
5.25 16.250 7.2093 7.3431 6.2998 1.9729 0.9383 3.2221 3.0925 0.8599 0.8667 0.0067
5.30 16.500 7.4452 7.5582 6.4998 1.7169 0.7433 3.1958 3.0652 0.9135 0.9162 0.0079
5.35 16.750 7.6811 7.7735 6.7003 1.4562 0.5440 3.1609 3.0295 0.9624 0.9611 0.0079
5.40 17.000 7.9170 7.9888 6.9015 1.1910 0.3404 3.1173 2.9853 1.0064 1.0011 0.0065
5.45 17.250 8.1529 8.2044 7.1032 0.9214 0.1326 3.0649 2.9326 1.0451 1.0359 0.0035
5.50 17.500 8.3888 8.4200 7.3056 0.6473 0.0795 3.0037 2.8713 1.0782 1.0651 0.0014
5.55 17.750 8.6248 8.6359 7.5085 0.3690 0.2957 2.9337 2.8014 1.1054 1.0886 0.0083
5.60 18.000 8.8607 8.8518 7.7121 0.0866 0.5161 2.8547 2.7227 1.1265 1.1060 0.0176
5.65 18.250 9.0966 9.0679 7.9162 0.2000 0.7405 2.7669 2.6354 1.1413 1.1171 0.0294
5.70 18.500 9.3325 9.2842 8.1209 0.4906 0.9689 2.6701 2.5392 1.1494 1.1216 0.0439
5.75 18.750 9.5684 9.5006 8.3262 0.7850 1.2014 2.5643 2.4343 1.1506 1.1194 0.0616
5.80 19.000 9.8043 9.7171 8.5321 1.0833 1.4377 2.4495 2.3206 1.1446 1.1101 0.0825
5.85 19.250 10.0402 9.9338 8.7385 1.3853 1.6780 2.3258 2.1981 1.1313 1.0935 0.1070
5.90 19.500 10.2761 10.1506 8.9456 1.6909 1.9221 2.1930 2.0667 1.1104 1.0695 0.1353
5.95 19.750 10.5121 10.3676 9.1532 2.0001 2.1700 2.0513 1.9266 1.0816 1.0378 0.1676
6.00 20.000 10.7480 10.5847 9.3613 2.3128 2.4216 1.9006 1.7776 1.0448 0.9981 0.2043
6.05 20.150 10.8839 10.7020 9.4700 2.5288 2.5769 1.8409 1.7199 1.0998 1.0503 0.1455
6.10 20.300 11.0198 10.8194 9.5793 2.7481 2.7359 1.7723 1.6533 1.1463 1.0943 0.0916
6.15 20.450 11.1557 10.9369 9.6892 2.9706 2.8984 1.6948 1.5780 1.1843 1.1298 0.0428
6.20 20.600 11.2916 11.0546 9.7996 3.1962 3.0646 1.6084 1.4940 1.2134 1.1566 0.0007
6.25 20.750 11.4275 11.1725 9.9105 3.4248 3.2342 1.5131 1.4013 1.2336 1.1746 0.0386
6.30 20.900 11.5634 11.2904 10.0220 3.6564 3.4072 1.4091 1.2999 1.2447 1.1837 0.0706
6.35 21.050 11.6994 11.4086 10.1340 3.8909 3.5837 1.2963 1.1899 1.2465 1.1837 0.0966
6.40 21.200 11.8353 11.5268 10.2466 4.1281 3.7635 1.1748 1.0714 1.2389 1.1744 0.1161
6.45 21.350 11.9712 11.6452 10.3597 4.3680 3.9466 1.0447 0.9443 1.2219 1.1557 0.1291
6.50 21.500 12.1071 11.7638 10.4734 4.6106 4.1330 0.9060 0.8088 1.1951 1.1276 0.1352
6.55 21.650 12.2430 11.8825 10.5875 4.8556 4.3225 0.7589 0.6649 1.1587 1.0899 0.1343
6.60 21.800 12.3789 12.0013 10.7023 5.1032 4.5152 0.6032 0.5126 1.1124 1.0426 0.1261
6.65 21.950 12.5148 12.1203 10.8175 5.3531 4.7110 0.4393 0.3521 1.0561 0.9854 0.1104
6.70 22.100 12.6508 12.2395 10.9332 5.6053 4.9099 0.2670 0.1835 0.9899 0.9184 0.0869
6.75 22.250 12.7867 12.3587 11.0495 5.8597 5.1117 0.0866 0.0067 0.9135 0.8415 0.0555
6.80 22.400 12.9226 12.4782 11.1663 6.1163 5.3165 0.1020 0.1781 0.8270 0.7545 0.0159
6.85 22.550 13.0585 12.5977 11.2836 6.3749 5.5241 0.2985 0.3708 0.7303 0.6576 0.0320
6.90 22.700 13.1944 12.7174 11.4014 6.6355 5.7346 0.5030 0.5714 0.6234 0.5505 0.0885
6.95 22.850 13.3303 12.8373 11.5197 6.8980 5.9479 0.7153 0.7797 0.5062 0.4334 0.1537
7.00 23.000 13.4662 12.9573 11.6385 7.1624 6.1639 0.9353 0.9957 0.3787 0.3061 0.2278
7.05 22.950 13.4021 12.8774 11.5578 7.2285 6.1825 0.9628 1.0192 0.4410 0.3687 0.1109
7.10 22.900 13.3381 12.7977 11.4776 7.2964 6.2038 0.9979 1.0501 0.4929 0.4210 0.0033
7.15 22.850 13.2740 12.7181 11.3979 7.3658 6.2277 1.0404 1.0884 0.5344 0.4633 0.0949
7.20 22.800 13.2099 12.6387 11.3187 7.4368 6.2541 1.0901 1.1339 0.5657 0.4954 0.1837
7.25 22.750 13.1458 12.5594 11.2400 7.5092 6.2829 1.1470 1.1866 0.5868 0.5173 0.2628
7.30 22.700 13.0817 12.4803 11.1617 7.5831 6.3141 1.2109 1.2462 0.5976 0.5292 0.3322
7.35 22.650 13.0176 12.4013 11.0839 7.6583 6.3477 1.2817 1.3127 0.5982 0.5310 0.3917
7.40 22.600 12.9535 12.3224 11.0066 7.7347 6.3836 1.3593 1.3859 0.5886 0.5228 0.4412
7.45 22.550 12.8894 12.2437 10.9298 7.8124 6.4218 1.4435 1.4658 0.5690 0.5046 0.4807
7.50 22.500 12.8254 12.1652 10.8535 7.8911 6.4621 1.5342 1.5521 0.5393 0.4765 0.5100
7.55 22.450 12.7613 12.0868 10.7776 7.9709 6.5046 1.6312 1.6449 0.4997 0.4386 0.5292
7.60 22.400 12.6972 12.0085 10.7022 8.0517 6.5492 1.7346 1.7438 0.4502 0.3909 0.5381
7.65 22.350 12.6331 11.9304 10.6272 8.1335 6.5958 1.8440 1.8489 0.3909 0.3336 0.5367
7.70 22.300 12.5690 11.8524 10.5527 8.2161 6.6443 1.9593 1.9600 0.3220 0.2667 0.5249
7.75 22.250 12.5049 11.7745 10.4786 8.2994 6.6948 2.0805 2.0768 0.2435 0.1903 0.5028
7.80 22.200 12.4408 11.6968 10.4050 8.3835 6.7472 2.2073 2.1994 0.1555 0.1046 0.4703
7.85 22.150 12.3768 11.6193 10.3319 8.4683 6.8013 2.3397 2.3275 0.0583 0.0096 0.4275
7.90 22.100 12.3127 11.5419 10.2592 8.5537 6.8573 2.4774 2.4609 0.0482 0.0945 0.3743
7.95 22.050 12.2486 11.4646 10.1869 8.6396 6.9149 2.6203 2.5997 0.1638 0.2075 0.3107
8.00 22.000 12.1845 11.3875 10.1151 8.7260 6.9741 2.7683 2.7435 0.2882 0.3295 0.2368
8.05 21.750 11.9204 11.1105 9.8437 8.6127 6.8350 2.7212 2.6923 0.2215 0.2601 0.3527
8.10 21.500 11.6563 10.8337 9.5727 8.4999 6.6974 2.6788 2.6459 0.1633 0.1992 0.4584
8.15 21.250 11.3922 10.5570 9.3022 8.3873 6.5613 2.6411 2.6042 0.1136 0.1468 0.5539
8.20 21.000 11.1281 10.2804 9.0321 8.2750 6.4266 2.6077 2.5669 0.0722 0.1026 0.6394
8.25 20.750 10.8641 10.0040 8.7624 8.1628 6.2933 2.5787 2.5340 0.0389 0.0664 0.7149
8.30 20.500 10.6000 9.7278 8.4931 8.0508 6.1613 2.5538 2.5053 0.0135 0.0381 0.7805
8.35 20.250 10.3359 9.4516 8.2242 7.9388 6.0306 2.5328 2.4806 0.0042 0.0175 0.8364
8.40 20.000 10.0718 9.1757 7.9558 7.8268 5.9011 2.5157 2.4598 0.0143 0.0045 0.8826
8.45 19.750 9.8077 8.8998 7.6877 7.7147 5.7727 2.5022 2.4427 0.0171 0.0013 0.9194
8.50 19.500 9.5436 8.6242 7.4201 7.6026 5.6455 2.4921 2.4291 0.0128 0.0000 0.9467
8.55 19.250 9.2795 8.3486 7.1529 7.4903 5.5193 2.4854 2.4189 0.0015 0.0083 0.9649
8.60 19.000 9.0154 8.0732 6.8860 7.3777 5.3941 2.4818 2.4120 0.0164 0.0232 0.9741
8.65 18.750 8.7514 7.7980 6.6196 7.2649 5.2698 2.4812 2.4081 0.0409 0.0447 0.9743
8.70 18.500 8.4873 7.5229 6.3535 7.1518 5.1464 2.4834 2.4072 0.0716 0.0724 0.9659
8.75 18.250 8.2232 7.2479 6.0879 7.0382 5.0238 2.4883 2.4090 0.1084 0.1061 0.9491
8.80 18.000 7.9591 6.9731 5.8226 6.9243 4.9021 2.4956 2.4134 0.1509 0.1457 0.9239
8.85 17.750 7.6950 6.6984 5.5577 6.8098 4.7810 2.5053 2.4202 0.1991 0.1908 0.8907
8.90 17.500 7.4309 6.4239 5.2932 6.6949 4.6606 2.5171 2.4293 0.2525 0.2414 0.8497
8.95 17.250 7.1668 6.1495 5.0291 6.5793 4.5408 2.5310 2.4404 0.3111 0.2970 0.8010
9.00 17.000 6.9028 5.8753 4.7653 6.4631 4.4216 2.5466 2.4535 0.3745 0.3575 0.7450
9.05 16.650 6.5387 5.5012 4.4019 6.2463 4.2029 2.4639 2.3684 0.3424 0.3226 0.7819
9.10 16.300 6.1746 5.1272 4.0389 6.0287 3.9847 2.3827 2.2848 0.3148 0.2921 0.8119
9.15 15.950 5.8105 4.7534 3.6762 5.8103 3.7668 2.3029 2.2028 0.2912 0.2658 0.8353
9.20 15.600 5.4464 4.3797 3.3139 5.5911 3.5493 2.2242 2.1220 0.2714 0.2433 0.8524
9.25 15.250 5.0823 4.0062 2.9520 5.3710 3.3321 2.1465 2.0423 0.2552 0.2245 0.8635
9.30 14.900 4.7182 3.6328 2.5904 5.1501 3.1151 2.0696 1.9636 0.2423 0.2090 0.8688
9.35 14.550 4.3541 3.2596 2.2291 4.9281 2.8984 1.9935 1.8856 0.2324 0.1966 0.8686
9.40 14.200 3.9901 2.8865 1.8682 4.7052 2.6817 1.9178 1.8084 0.2253 0.1871 0.8633
9.45 13.850 3.6260 2.5136 1.5077 4.4812 2.4652 1.8425 1.7315 0.2208 0.1802 0.8532
9.50 13.500 3.2619 2.1408 1.1475 4.2561 2.2486 1.7674 1.6550 0.2185 0.1756 0.8385
9.55 13.150 2.8978 1.7681 0.7876 4.0299 2.0321 1.6923 1.5787 0.2181 0.1730 0.8196
9.60 12.800 2.5337 1.3956 0.4281 3.8026 1.8155 1.6171 1.5024 0.2195 0.1723 0.7968
9.65 12.450 2.1696 1.0232 0.0689 3.5740 1.5988 1.5416 1.4259 0.2223 0.1730 0.7704
9.70 12.100 1.8055 0.6510 0.2900 3.3441 1.3819 1.4657 1.3491 0.2263 0.1751 0.7407
9.75 11.750 1.4414 0.2789 0.6486 3.1130 1.1648 1.3892 1.2718 0.2312 0.1781 0.7082
9.80 11.400 1.0774 0.0930 1.0068 2.8805 0.9474 1.3119 1.1939 0.2367 0.1818 0.6731
9.85 11.050 0.7133 0.4648 1.3647 2.6467 0.7296 1.2338 1.1153 0.2425 0.1860 0.6357
9.90 10.700 0.3492 0.8365 1.7223 2.4114 0.5116 1.1546 1.0357 0.2485 0.1904 0.5965
9.95 10.350 0.0149 1.2080 2.0796 2.1748 0.2930 1.0742 0.9550 0.2543 0.1948 0.5557
10.00 10.000 0.3790 1.5793 2.4366 1.9366 0.0740 0.9924 0.8731 0.2596 0.1988 0.5138
10.05 9.750 0.6431 1.8505 2.6933 1.7969 0.0455 1.0091 0.8898 0.3642 0.3021 0.3710
10.10 9.500 0.9072 2.1216 2.9497 1.6557 0.1656 1.0242 0.9050 0.4679 0.4047 0.2277
10.15 9.250 1.1712 2.3925 3.2057 1.5128 0.2863 1.0375 0.9186 0.5703 0.5060 0.0843
10.20 9.000 1.4353 2.6633 3.4615 1.3684 0.4076 1.0488 0.9303 0.6712 0.6060 0.0589
10.25 8.750 1.6994 2.9340 3.7170 1.2223 0.5297 1.0581 0.9400 0.7703 0.7044 0.2015
10.30 8.500 1.9635 3.2045 3.9722 1.0745 0.6526 1.0652 0.9477 0.8674 0.8008 0.3432
10.35 8.250 2.2276 3.4748 4.2271 0.9250 0.7763 1.0699 0.9532 0.9622 0.8951 0.4837
10.40 8.000 2.4917 3.7450 4.4817 0.7737 0.9008 1.0721 0.9562 1.0545 0.9869 0.6224
10.45 7.750 2.7558 4.0151 4.7361 0.6207 1.0262 1.0717 0.9568 1.1440 1.0761 0.7592
10.50 7.500 3.0199 4.2850 4.9902 0.4659 1.1526 1.0685 0.9547 1.2305 1.1624 0.8937
10.55 7.250 3.2839 4.5548 5.2440 0.3092 1.2800 1.0625 0.9499 1.3137 1.2455 1.0255
10.60 7.000 3.5480 4.8244 5.4975 0.1506 1.4085 1.0534 0.9421 1.3934 1.3252 1.1543
10.65 6.750 3.8121 5.0939 5.7508 0.0098 1.5380 1.0412 0.9313 1.4693 1.4012 1.2797
10.70 6.500 4.0762 5.3633 6.0038 0.1722 1.6687 1.0257 0.9174 1.5412 1.4733 1.4014
10.75 6.250 4.3403 5.6325 6.2565 0.3365 1.8005 1.0068 0.9002 1.6089 1.5414 1.5190
10.80 6.000 4.6044 5.9015 6.5090 0.5028 1.9336 0.9844 0.8795 1.6721 1.6050 1.6323
10.85 5.750 4.8685 6.1704 6.7612 0.6711 2.0679 0.9584 0.8554 1.7306 1.6642 1.7408
10.90 5.500 5.1326 6.4392 7.0132 0.8414 2.2036 0.9286 0.8276 1.7842 1.7184 1.8444
10.95 5.250 5.3966 6.7078 7.2650 1.0137 2.3406 0.8950 0.7960 1.8327 1.7677 1.9426
11.00 5.000 5.6607 6.9763 7.5164 1.1882 2.4790 0.8574 0.7606 1.8758 1.8118 2.0351
11.05 4.750 5.9248 7.2446 7.7677 1.3647 2.6189 0.8157 0.7211 1.9134 1.8504 2.1217
11.10 4.500 6.1889 7.5128 8.0187 1.5434 2.7602 0.7698 0.6776 1.9452 1.8833 2.2020
11.15 4.250 6.4530 7.7809 8.2695 1.7242 2.9031 0.7197 0.6299 1.9711 1.9104 2.2757
11.20 4.000 6.7171 8.0488 8.5200 1.9071 3.0475 0.6651 0.5779 1.9908 1.9314 2.3425
11.25 3.750 6.9812 8.3165 8.7704 2.0923 3.1935 0.6061 0.5214 2.0041 1.9462 2.4023
11.30 3.500 7.2452 8.5842 9.0205 2.2796 3.3412 0.5424 0.4605 2.0110 1.9546 2.4546
11.35 3.250 7.5093 8.8516 9.2703 2.4691 3.4906 0.4741 0.3949 2.0111 1.9563 2.4992
11.40 3.000 7.7734 9.1190 9.5200 2.6609 3.6417 0.4009 0.3247 2.0043 1.9513 2.5358
11.45 2.750 8.0375 9.3861 9.7694 2.8550 3.7946 0.3230 0.2496 1.9905 1.9392 2.5643
11.50 2.500 8.3016 9.6532 10.0186 3.0513 3.9492 0.2400 0.1697 1.9695 1.9201 2.5843
11.55 2.250 8.5657 9.9201 10.2677 3.2499 4.1057 0.1520 0.0848 1.9411 1.8936 2.5956
11.60 2.000 8.8298 10.1868 10.5165 3.4508 4.2641 0.0589 0.0052 1.9051 1.8597 2.5979
11.65 1.750 9.0939 10.4534 10.7651 3.6540 4.4244 0.0394 0.1003 1.8615 1.8182 2.5912
11.70 1.500 9.3579 10.7199 11.0135 3.8596 4.5867 0.1430 0.2006 1.8101 1.7689 2.5750
11.75 1.250 9.6220 10.9862 11.2617 4.0675 4.7509 0.2519 0.3062 1.7507 1.7118 2.5493
11.80 1.000 9.8861 11.2524 11.5098 4.2778 4.9171 0.3663 0.4172 1.6832 1.6466 2.5139
11.85 0.750 10.1502 11.5184 11.7576 4.4904 5.0855 0.4861 0.5336 1.6075 1.5732 2.4685
11.90 0.500 10.4143 11.7843 12.0052 4.7055 5.2559 0.6115 0.6555 1.5235 1.4916 2.4130
11.95 0.250 10.6784 12.0501 12.2527 4.9229 5.4284 0.7425 0.7830 1.4310 1.4017 2.3472
12.00 0.000 10.9425 12.3157 12.5000 5.1428 5.6031 0.8792 0.9162 1.3300 1.3032 2.2709
12.05 -0.500 11.4566 12.8311 12.9971 5.6150 6.0300 1.2717 1.3050 0.9704 0.9461 1.9341
12.10 -1.000 11.9706 13.3464 13.4941 6.0897 6.4590 1.6699 1.6996 0.6020 0.5803 1.5866
12.15 -1.500 12.4847 13.8616 13.9908 6.5668 6.8904 2.0739 2.1000 0.2248 0.2057 1.2282
12.20 -2.000 12.9988 14.3766 14.4874 7.0464 7.3240 2.4839 2.5063 0.1613 0.1777 0.8588
12.25 -2.500 13.5129 14.8915 14.9839 7.5284 7.7600 2.8998 2.9184 0.5564 0.5701 0.4784
12.30 -3.000 14.0270 15.4062 15.4801 8.0129 8.1983 3.3216 3.3366 0.9605 0.9715 0.0868
12.35 -3.500 14.5411 15.9208 15.9763 8.4998 8.6389 3.7495 3.7607 1.3737 1.3820 0.3160
12.40 -4.000 15.0552 16.4353 16.4722 8.9892 9.0820 4.1834 4.1909 1.7961 1.8016 0.7301
12.45 -4.500 15.5692 16.9496 16.9681 9.4811 9.5275 4.6234 4.6272 2.2276 2.2304 1.1557
12.50 -5.000 16.0833 17.4637 17.4637 9.9754 9.9754 5.0695 5.0695 2.6684 2.6684 1.5926
12.55 -5.500 16.5974 17.9777 17.9593 10.4723 10.4259 5.5218 5.5180 3.1185 3.1157 2.0410
12.60 -6.000 17.1115 18.4916 18.4546 10.9716 10.8788 5.9802 5.9727 3.5779 3.5724 2.5009
12.65 -6.500 17.6256 19.0053 18.9499 11.4734 11.3343 6.4448 6.4336 4.0466 4.0383 2.9724
12.70 -7.000 18.1397 19.5189 19.4450 11.9777 11.7923 6.9156 6.9007 4.5246 4.5136 3.4553
12.75 -7.500 18.6538 20.0324 19.9400 12.4845 12.2529 7.3927 7.3740 5.0119 4.9982 3.9498
12.80 -8.000 19.1679 20.5457 20.4348 12.9938 12.7161 7.8760 7.8536 5.5086 5.4922 4.4557
12.85 -8.500 19.6819 21.0588 20.9296 13.5056 13.1820 8.3655 8.3394 6.0146 5.9956 4.9732
12.90 -9.000 20.1960 21.5718 21.4242 14.0198 13.6505 8.8613 8.8316 6.5300 6.5083 5.5020
12.95 -9.500 20.7101 22.0847 21.9187 14.5366 14.1216 9.3633 9.3300 7.0546 7.0303 6.0423
13.00 -10.000 21.2242 22.5974 22.4130 15.0558 14.5955 9.8716 9.8347 7.5885 7.5617 6.5939
13.05 -9.350 20.5883 21.9600 21.7573 14.4275 13.9220 9.2362 9.1957 6.9817 6.9523 6.0068
13.10 -8.700 19.9524 21.3224 21.1015 13.8017 13.2513 8.6070 8.5630 6.3840 6.3521 5.4308
13.15 -8.050 19.3165 20.6847 20.4455 13.1784 12.5834 7.9840 7.9365 5.7955 5.7612 4.8660
13.20 -7.400 18.6806 20.0468 19.7895 12.5575 11.9182 7.3673 7.3164 5.2160 5.1794 4.3121
13.25 -6.750 18.0446 19.4088 19.1333 11.9391 11.2557 6.7568 6.7025 4.6456 4.6067 3.7691
13.30 -6.100 17.4087 18.7707 18.4771 11.3232 10.5961 6.1524 6.0948 4.0842 4.0430 3.2369
13.35 -5.450 16.7728 18.1324 17.8207 10.7097 9.9393 5.5543 5.4934 3.5317 3.4883 2.7153
13.40 -4.800 16.1369 17.4940 17.1643 10.0986 9.2853 4.9623 4.8982 2.9879 2.9425 2.2043
13.45 -4.150 15.5010 16.8554 16.5078 9.4900 8.6342 4.3764 4.3092 2.4529 2.4055 1.7035
13.50 -3.500 14.8651 16.2167 15.8512 8.8838 7.9859 3.7967 3.7264 1.9266 1.8772 1.2130
13.55 -2.850 14.2292 15.5778 15.1945 8.2801 7.3405 3.2230 3.1496 1.4088 1.3575 0.7324
13.60 -2.200 13.5932 14.9388 14.5378 7.6787 6.6979 2.6553 2.5790 0.8994 0.8463 0.2617
13.65 -1.550 12.9573 14.2996 13.8809 7.0797 6.0583 2.0936 2.0145 0.3983 0.3436 0.1993
13.70 -0.900 12.3214 13.6603 13.2240 6.4832 5.4215 1.5379 1.4560 0.0945 0.1509 0.6509
13.75 -0.250 11.6855 13.0209 12.5671 5.8890 4.7877 0.9881 0.9035 0.5792 0.6371 1.0932
13.80 0.400 11.0496 12.3813 11.9100 5.2971 4.1567 0.4441 0.3569 1.0560 1.1153 1.5265
13.85 1.050 10.4137 11.7416 11.2530 4.7076 3.5287 0.0940 0.1838 1.5250 1.5856 1.9509
13.90 1.700 9.7778 11.1017 10.5958 4.1205 2.9036 0.6264 0.7187 1.9862 2.0481 2.3668
13.95 2.350 9.1419 10.4617 9.9386 3.5356 2.2815 1.1531 1.2477 2.4399 2.5029 2.7742
14.00 3.000 8.5059 9.8215 9.2814 2.9531 1.6623 1.6742 1.7710 2.8862 2.9503 3.1736
14.05 3.200 8.3200 9.6312 9.0741 2.8229 1.4960 1.7396 1.8386 2.8753 2.9402 3.1151
14.10 3.400 8.1341 9.4408 8.8667 2.6949 1.3327 1.7996 1.9006 2.8573 2.9230 3.0489
14.15 3.600 7.9482 9.2502 8.6593 2.5692 1.1723 1.8540 1.9571 2.8323 2.8987 2.9754
14.20 3.800 7.7623 9.0594 8.4519 2.4457 1.0149 1.9031 2.0080 2.8006 2.8676 2.8948
14.25 4.000 7.5764 8.8685 8.2445 2.3244 0.8604 1.9469 2.0536 2.7623 2.8298 2.8074
14.30 4.200 7.3905 8.6775 8.0370 2.2054 0.7089 1.9855 2.0938 2.7176 2.7855 2.7135
14.35 4.400 7.2046 8.4863 7.8295 2.0885 0.5603 2.0189 2.1287 2.6667 2.7348 2.6133
14.40 4.600 7.0186 8.2950 7.6219 1.9738 0.4147 2.0472 2.1585 2.6097 2.6780 2.5071
14.45 4.800 6.8327 8.1036 7.4144 1.8612 0.2720 2.0705 2.1831 2.5470 2.6152 2.3953
14.50 5.000 6.6468 7.9120 7.2068 1.7508 0.1323 2.0889 2.2027 2.4785 2.5467 2.2780
14.55 5.200 6.4609 7.7202 6.9992 1.6424 0.0045 2.1025 2.2174 2.4046 2.4726 2.1557
14.60 5.400 6.2750 7.5283 6.7916 1.5361 0.1384 2.1113 2.2272 2.3255 2.3931 2.0286
14.65 5.600 6.0891 7.3363 6.5840 1.4319 0.2694 2.1155 2.2323 2.2413 2.3085 1.8971
14.70 5.800 5.9032 7.1441 6.3764 1.3297 0.3974 2.1152 2.2326 2.1523 2.2189 1.7614
14.75 6.000 5.7172 6.9518 6.1688 1.2295 0.5225 2.1104 2.2285 2.0587 2.1246 1.6218
14.80 6.200 5.5313 6.7593 5.9611 1.1312 0.6448 2.1013 2.2198 1.9607 2.0258 1.4787
14.85 6.400 5.3454 6.5667 5.7535 1.0350 0.7641 2.0879 2.2068 1.8585 1.9228 1.3324
14.90 6.600 5.1595 6.3740 5.5459 0.9406 0.8806 2.0704 2.1895 1.7524 1.8156 1.1832
14.95 6.800 4.9736 6.1811 5.3383 0.8481 0.9942 2.0488 2.1681 1.6425 1.7046 1.0315
15.00 7.000 4.7877 5.9880 5.1307 0.7576 1.1050 2.0233 2.1426 1.5291 1.5900 0.8774
15.05 7.300 4.5018 5.6948 4.8232 0.5688 1.3129 2.0940 2.2132 1.5125 1.5720 0.8215
15.10 7.600 4.2159 5.4015 4.5156 0.3818 1.5180 2.1611 2.2800 1.4928 1.5508 0.7639
15.15 7.900 3.9299 5.1080 4.2081 0.1967 1.7204 2.2245 2.3430 1.4703 1.5268 0.7050
15.20 8.200 3.6440 4.8144 3.9006 0.0133 1.9199 2.2845 2.4025 1.4452 1.5001 0.6452
15.25 8.500 3.3581 4.5206 3.5931 0.1684 2.1167 2.3411 2.4585 1.4178 1.4709 0.5846
15.30 8.800 3.0722 4.2267 3.2857 0.3484 2.3107 2.3945 2.5111 1.3883 1.4396 0.5238
15.35 9.100 2.7863 3.9327 2.9783 0.5268 2.5020 2.4448 2.5606 1.3570 1.4063 0.4629
15.40 9.400 2.5004 3.6385 2.6710 0.7035 2.6906 2.4922 2.6069 1.3240 1.3713 0.4023
15.45 9.700 2.2145 3.3442 2.3636 0.8787 2.8765 2.5367 2.6503 1.2897 1.3348 0.3422
15.50 10.000 1.9286 3.0497 2.0564 1.0523 3.0598 2.5785 2.6908 1.2543 1.2972 0.2831
15.55 10.300 1.6426 2.7550 1.7492 1.2244 3.2404 2.6177 2.7287 1.2179 1.2585 0.2252
15.60 10.600 1.3567 2.4603 1.4420 1.3950 3.4184 2.6545 2.7639 1.1809 1.2192 0.1687
15.65 10.900 1.0708 2.1654 1.1349 1.5641 3.5939 2.6890 2.7968 1.1436 1.1794 0.1141
15.70 11.200 0.7849 1.8703 0.8278 1.7318 3.7668 2.7213 2.8273 1.1061 1.1393 0.0616
15.75 11.500 0.4990 1.5751 0.5209 1.8982 3.9372 2.7516 2.8557 1.0686 1.0993 0.0114
15.80 11.800 0.2131 1.2797 0.2139 2.0633 4.1051 2.7799 2.8821 1.0315 1.0596 0.0361
15.85 12.100 0.0728 0.9843 0.0929 2.2270 4.2705 2.8066 2.9067 0.9950 1.0204 0.0807
15.90 12.400 0.3588 0.6886 0.3997 2.3895 4.4335 2.8316 2.9295 0.9594 0.9820 0.1220
15.95 12.700 0.6447 0.3928 0.7064 2.5508 4.5941 2.8551 2.9507 0.9247 0.9446 0.1599
16.00 13.000 0.9306 0.0969 1.0130 2.7109 4.7524 2.8774 2.9705 0.8914 0.9084 0.1941
16.05 13.300 1.2165 0.1992 1.3196 2.8698 4.9083 2.8985 2.9890 0.8597 0.8738 0.2242
16.10 13.600 1.5024 0.4954 1.6261 3.0277 5.0620 2.9185 3.0064 0.8297 0.8409 0.2502
16.15 13.900 1.7883 0.7917 1.9324 3.1846 5.2134 2.9377 3.0228 0.8017 0.8099 0.2716
16.20 14.200 2.0742 1.0882 2.2387 3.3404 5.3626 2.9562 3.0384 0.7760 0.7812 0.2884
16.25 14.500 2.3601 1.3849 2.5449 3.4953 5.5096 2.9741 3.0534 0.7527 0.7550 0.3002
16.30 14.800 2.6461 1.6817 2.8510 3.6492 5.6546 2.9916 3.0678 0.7322 0.7315 0.3068
16.35 15.100 2.9320 1.9786 3.1570 3.8023 5.7974 3.0088 3.0819 0.7146 0.7109 0.3081
16.40 15.400 3.2179 2.2757 3.4629 3.9546 5.9382 3.0259 3.0957 0.7002 0.6934 0.3039
16.45 15.700 3.5038 2.5729 3.7686 4.1060 6.0770 3.0431 3.1096 0.6891 0.6793 0.2938
16.50 16.000 3.7897 2.8703 4.0743 4.2568 6.2139 3.0605 3.1236 0.6817 0.6689 0.2779
16.55 16.300 4.0756 3.1678 4.3799 4.4069 6.3489 3.0783 3.1378 0.6780 0.6623 0.2558
16.60 16.600 4.3615 3.4654 4.6853 4.5563 6.4820 3.0966 3.1525 0.6784 0.6597 0.2274
16.65 16.900 4.6474 3.7632 4.9906 4.7052 6.6133 3.1156 3.1678 0.6830 0.6613 0.1926
16.70 17.200 4.9334 4.0611 5.2958 4.8535 6.7429 3.1354 3.1839 0.6921 0.6675 0.1512
16.75 17.500 5.2193 4.3592 5.6009 5.0013 6.8708 3.1562 3.2009 0.7058 0.6783 0.1030
16.80 17.800 5.5052 4.6575 5.9058 5.1487 6.9971 3.1782 3.2190 0.7243 0.6939 0.0480
16.85 18.100 5.7911 4.9558 6.2106 5.2958 7.1218 3.2015 3.2384 0.7479 0.7147 0.0140
16.90 18.400 6.0770 5.2543 6.5153 5.4425 7.2449 3.2263 3.2592 0.7766 0.7407 0.0831
16.95 18.700 6.3629 5.5530 6.8198 5.5889 7.3666 3.2527 3.2816 0.8107 0.7721 0.1593
17.00 19.000 6.6488 5.8518 7.1242 5.7351 7.4869 3.2810 3.3057 0.8504 0.8092 0.2429
17.05 19.050 6.6848 5.9008 7.1784 5.6311 7.3558 3.0612 3.0818 0.6459 0.6021 0.0839
17.10 19.100 6.7207 5.9499 7.2325 5.5270 7.2234 2.8436 2.8600 0.4472 0.4010 0.0678
17.15 19.150 6.7566 5.9991 7.2865 5.4229 7.0899 2.6282 2.6404 0.2547 0.2060 0.2119
17.20 19.200 6.7925 6.0485 7.3402 5.3187 6.9551 2.4153 2.4232 0.0683 0.0173 0.3484
17.25 19.250 6.8284 6.0980 7.3939 5.2147 6.8193 2.2050 2.2086 0.1117 0.1649 0.4774
17.30 19.300 6.8643 6.1477 7.4473 5.1107 6.6824 1.9974 1.9968 0.2852 0.3405 0.5987
17.35 19.350 6.9002 6.1975 7.5006 5.0069 6.5446 1.7928 1.7879 0.4520 0.5094 0.7124
17.40 19.400 6.9361 6.2474 7.5538 4.9033 6.4059 1.5913 1.5820 0.6120 0.6713 0.8185
17.45 19.450 6.9721 6.2975 7.6067 4.8001 6.2664 1.3930 1.3794 0.7652 0.8263 0.9169
17.50 19.500 7.0080 6.3478 7.6595 4.6971 6.1261 1.1982 1.1802 0.9112 0.9740 1.0076
17.55 19.550 7.0439 6.3982 7.7121 4.5946 5.9852 1.0069 0.9845 1.0502 1.1146 1.0907
17.60 19.600 7.0798 6.4487 7.7645 4.4926 5.8437 0.8193 0.7926 1.1819 1.2477 1.1662
17.65 19.650 7.1157 6.4994 7.8167 4.3911 5.7016 0.6356 0.6046 1.3062 1.3734 1.2341
17.70 19.700 7.1516 6.5502 7.8688 4.2902 5.5591 0.4559 0.4206 1.4232 1.4915 1.2945
17.75 19.750 7.1875 6.6012 7.9207 4.1899 5.4163 0.2804 0.2408 1.5325 1.6020 1.3475
17.80 19.800 7.2234 6.6523 7.9723 4.0904 5.2731 0.1092 0.0654 1.6343 1.7047 1.3930
17.85 19.850 7.2594 6.7035 8.0238 3.9917 5.1298 0.0575 0.1055 1.7284 1.7996 1.4312
17.90 19.900 7.2953 6.7549 8.0750 3.8938 4.9863 0.2196 0.2718 1.8148 1.8866 1.4622
17.95 19.950 7.3312 6.8065 8.1261 3.7968 4.8428 0.3768 0.4332 1.8933 1.9656 1.4860
18.00 20.000 7.3671 6.8582 8.1770 3.7009 4.6994 0.5292 0.5896 1.9641 2.0367 1.5028
18.05 20.100 7.4530 6.9600 8.2776 3.6560 4.6061 0.6265 0.6909 1.9769 2.0497 1.4626
18.10 20.200 7.5389 7.0620 8.3780 3.6122 4.5131 0.7185 0.7870 1.9818 2.0547 1.4156
18.15 20.300 7.6248 7.1641 8.4782 3.5696 4.4203 0.8053 0.8776 1.9788 2.0515 1.3619
18.20 20.400 7.7108 7.2663 8.5782 3.5282 4.3280 0.8865 0.9626 1.9678 2.0403 1.3016
18.25 20.500 7.7967 7.3687 8.6780 3.4882 4.2362 0.9621 1.0420 1.9488 2.0209 1.2349
18.30 20.600 7.8826 7.4713 8.7775 3.4496 4.1450 1.0319 1.1154 1.9219 1.9933 1.1618
18.35 20.700 7.9685 7.5740 8.8768 3.4124 4.0545 1.0958 1.1829 1.8869 1.9577 1.0826
18.40 20.800 8.0544 7.6768 8.9759 3.3768 3.9648 1.1537 1.2443 1.8441 1.9139 0.9974
18.45 20.900 8.1403 7.7798 9.0748 3.3429 3.8760 1.2054 1.2994 1.7932 1.8620 0.9063
18.50 21.000 8.2262 7.8829 9.1734 3.3106 3.7881 1.2509 1.3481 1.7345 1.8020 0.8096
18.55 21.100 8.3121 7.9862 9.2717 3.2800 3.7014 1.2899 1.3903 1.6679 1.7340 0.7074
18.60 21.200 8.3981 8.0896 9.3698 3.2513 3.6159 1.3224 1.4259 1.5935 1.6580 0.5998
18.65 21.300 8.4840 8.1932 9.4677 3.2245 3.5317 1.3483 1.4547 1.5113 1.5741 0.4870
18.70 21.400 8.5699 8.2969 9.5653 3.1997 3.4489 1.3674 1.4766 1.4213 1.4823 0.3693
18.75 21.500 8.6558 8.4007 9.6627 3.1770 3.3677 1.3796 1.4915 1.3238 1.3828 0.2468
18.80 21.600 8.7417 8.5047 9.7598 3.1564 3.2880 1.3849 1.4992 1.2186 1.2755 0.1196
18.85 21.700 8.8276 8.6088 9.8566 3.1380 3.2102 1.3830 1.4998 1.1060 1.1605 0.0120
18.90 21.800 8.9135 8.7131 9.9532 3.1219 3.1342 1.3740 1.4930 0.9860 1.0380 0.1478
18.95 21.900 8.9994 8.8175 10.0495 3.1082 3.0601 1.3577 1.4787 0.8587 0.9081 0.2877
19.00 22.000 9.0854 8.9221 10.1455 3.0970 2.9882 1.3340 1.4569 0.7241 0.7709 0.4315
19.05 21.950 9.0213 8.8768 10.0913 2.9382 2.7684 1.4528 1.5775 0.7326 0.7764 0.4290
19.10 21.900 8.9572 8.8317 10.0367 2.7821 2.5510 1.5641 1.6904 0.7340 0.7749 0.4299
19.15 21.850 8.8931 8.7867 9.9819 2.6287 2.3360 1.6677 1.7954 0.7286 0.7664 0.4341
19.20 21.800 8.8290 8.7418 9.9269 2.4781 2.1237 1.7636 1.8925 0.7166 0.7511 0.4415
19.25 21.750 8.7649 8.6971 9.8715 2.3303 1.9140 1.8517 1.9817 0.6979 0.7291 0.4518
19.30 21.700 8.7008 8.6525 9.8158 2.1855 1.7071 1.9319 2.0628 0.6729 0.7007 0.4649
19.35 21.650 8.6368 8.6081 9.7599 2.0436 1.5032 2.0042 2.1357 0.6416 0.6658 0.4806
19.40 21.600 8.5727 8.5638 9.7036 1.9050 1.3023 2.0685 2.2005 0.6043 0.6248 0.4987
19.45 21.550 8.5086 8.5197 9.6470 1.7695 1.1047 2.1247 2.2570 0.5610 0.5778 0.5190
19.50 21.500 8.4445 8.4757 9.5902 1.6372 0.9104 2.1728 2.3052 0.5120 0.5250 0.5414
19.55 21.450 8.3804 8.4319 9.5330 1.5084 0.7196 2.2127 2.3450 0.4574 0.4666 0.5658
19.60 21.400 8.3163 8.3881 9.4755 1.3830 0.5324 2.2444 2.3764 0.3974 0.4027 0.5919
19.65 21.350 8.2522 8.3446 9.4177 1.2612 0.3489 2.2679 2.3993 0.3322 0.3336 0.6197
19.70 21.300 8.1881 8.3012 9.3596 1.1429 0.1694 2.2831 2.4137 0.2621 0.2594 0.6490
19.75 21.250 8.1241 8.2579 9.3012 1.0284 0.0062 2.2900 2.4197 0.1871 0.1804 0.6796
19.80 21.200 8.0600 8.2148 9.2424 0.9178 0.1775 2.2886 2.4170 0.1076 0.0968 0.7115
19.85 21.150 7.9959 8.1718 9.1833 0.8110 0.3446 2.2788 2.4058 0.0237 0.0088 0.7445
19.90 21.100 7.9318 8.1289 9.1239 0.7082 0.5072 2.2606 2.3861 0.0644 0.0834 0.7785
19.95 21.050 7.8677 8.0862 9.0642 0.6095 0.6651 2.2341 2.3577 0.1565 0.1795 0.8135
20.00 21.000 7.8036 8.0437 9.0041 0.5150 0.8184 2.1992 2.3207 0.2523 0.2793 0.8494
20.05 20.850 7.6395 7.9013 8.8437 0.3247 1.0667 2.2559 2.3752 0.2516 0.2826 0.7860
20.10 20.700 7.4754 7.7590 8.6829 0.1388 1.3099 2.3043 2.4210 0.2542 0.2892 0.7234
20.15 20.550 7.3114 7.6169 8.5218 0.0426 1.5479 2.3444 2.4583 0.2599 0.2987 0.6615
20.20 20.400 7.1473 7.4749 8.3604 0.2195 1.7806 2.3761 2.4871 0.2684 0.3111 0.6001
20.25 20.250 6.9832 7.3331 8.1985 0.3917 2.0077 2.3996 2.5074 0.2795 0.3259 0.5394
20.30 20.100 6.8191 7.1914 8.0364 0.5592 2.2291 2.4148 2.5192 0.2930 0.3431 0.4794
20.35 19.950 6.6550 7.0499 7.8739 0.7219 2.4447 2.4218 2.5226 0.3086 0.3623 0.4199
20.40 19.800 6.4909 6.9085 7.7110 0.8796 2.6543 2.4207 2.5177 0.3262 0.3833 0.3610
20.45 19.650 6.3268 6.7672 7.5477 1.0322 2.8577 2.4115 2.5044 0.3455 0.4058 0.3027
20.50 19.500 6.1628 6.6261 7.3841 1.1798 3.0547 2.3943 2.4829 0.3662 0.4297 0.2452
20.55 19.350 5.9987 6.4851 7.2201 1.3221 3.2452 2.3692 2.4533 0.3882 0.4547 0.1884
20.60 19.200 5.8346 6.3443 7.0557 1.4591 3.4291 2.3361 2.4155 0.4112 0.4805 0.1323
20.65 19.050 5.6705 6.2036 6.8910 1.5906 3.6061 2.2953 2.3698 0.4350 0.5069 0.0772
20.70 18.900 5.5064 6.0631 6.7259 1.7166 3.7760 2.2469 2.3162 0.4594 0.5338 0.0231
20.75 18.750 5.3423 5.9227 6.5604 1.8370 3.9387 2.1908 2.2549 0.4842 0.5608 0.0300
20.80 18.600 5.1782 5.7824 6.3945 1.9516 4.0941 2.1273 2.1858 0.5091 0.5877 0.0818
20.85 18.450 5.0141 5.6423 6.2282 2.0604 4.2419 2.0564 2.1093 0.5340 0.6144 0.1322
20.90 18.300 4.8501 5.5024 6.0615 2.1632 4.3819 1.9783 2.0254 0.5587 0.6406 0.1811
20.95 18.150 4.6860 5.3626 5.8944 2.2600 4.5140 1.8932 1.9342 0.5830 0.6662 0.2284
21.00 18.000 4.5219 5.2229 5.7269 2.3506 4.6380 1.8011 1.8359 0.6067 0.6908 0.2738
21.05 17.850 4.3578 5.0834 5.5591 2.4350 4.7537 1.7022 1.7307 0.6296 0.7145 0.3171
21.10 17.700 4.1937 4.9440 5.3908 2.5129 4.8609 1.5967 1.6187 0.6515 0.7369 0.3581
21.15 17.550 4.0296 4.8047 5.2221 2.5845 4.9595 1.4848 1.5001 0.6724 0.7579 0.3967
21.20 17.400 3.8655 4.6656 5.0529 2.6494 5.0491 1.3666 1.3752 0.6921 0.7774 0.4325
21.25 17.250 3.7014 4.5267 4.8834 2.7076 5.1297 1.2424 1.2440 0.7104 0.7953 0.4654
21.30 17.100 3.5374 4.3879 4.7135 2.7590 5.2010 1.1123 1.1069 0.7273 0.8113 0.4950
21.35 16.950 3.3733 4.2492 4.5431 2.8036 5.2629 0.9765 0.9641 0.7426 0.8255 0.5212
21.40 16.800 3.2092 4.1107 4.3723 2.8411 5.3151 0.8353 0.8157 0.7562 0.8376 0.5436
21.45 16.650 3.0451 3.9723 4.2011 2.8714 5.3574 0.6888 0.6620 0.7681 0.8477 0.5620
21.50 16.500 2.8810 3.8341 4.0294 2.8946 5.3897 0.5374 0.5033 0.7782 0.8556 0.5760
21.55 16.350 2.7169 3.6960 3.8573 2.9103 5.4116 0.3813 0.3399 0.7864 0.8613 0.5854
21.60 16.200 2.5528 3.5581 3.6848 2.9186 5.4231 0.2207 0.1720 0.7928 0.8649 0.5898
21.65 16.050 2.3888 3.4203 3.5118 2.9193 5.4239 0.0560 0.0001 0.7973 0.8662 0.5891
21.70 15.900 2.2247 3.2826 3.3383 2.9124 5.4138 0.1127 0.1761 0.8000 0.8653 0.5828
21.75 15.750 2.0606 3.1451 3.1645 2.8976 5.3926 0.2850 0.3557 0.8009 0.8622 0.5706
21.80 15.600 1.8965 3.0077 2.9901 2.8748 5.3601 0.4605 0.5386 0.8000 0.8571 0.5523
21.85 15.450 1.7324 2.8705 2.8154 2.8441 5.3160 0.6391 0.7244 0.7975 0.8499 0.5276
21.90 15.300 1.5683 2.7334 2.6401 2.8051 5.2601 0.8203 0.9127 0.7934 0.8408 0.4960
21.95 15.150 1.4042 2.5965 2.4644 2.7579 5.1922 1.0039 1.1033 0.7879 0.8300 0.4575
22.00 15.000 1.2401 2.4597 2.2882 2.7023 5.1121 1.1894 1.2957 0.7811 0.8177 0.4116
22.05 14.750 0.9761 2.2230 2.0116 2.7382 5.1196 1.2766 1.3896 0.6733 0.7039 0.4580
22.10 14.500 0.7120 1.9865 1.7345 2.7655 5.1144 1.3650 1.4845 0.5646 0.5890 0.4967
22.15 14.250 0.4479 1.7502 1.4569 2.7840 5.0963 1.4542 1.5801 0.4554 0.4733 0.5272
22.20 14.000 0.1838 1.5140 1.1788 2.7936 5.0650 1.5439 1.6760 0.3458 0.3569 0.5493
22.25 13.750 0.0803 1.2779 0.9003 2.7943 5.0204 1.6337 1.7716 0.2363 0.2404 0.5630
22.30 13.500 0.3444 1.0420 0.6213 2.7858 4.9622 1.7230 1.8665 0.1271 0.1240 0.5679
22.35 13.250 0.6085 0.8062 0.3418 2.7680 4.8902 1.8116 1.9603 0.0186 0.0081 0.5639
22.40 13.000 0.8726 0.5705 0.0617 2.7410 4.8040 1.8989 2.0525 0.0886 0.1067 0.5509
22.45 12.750 1.1366 0.3351 0.2188 2.7044 4.7036 1.9844 2.1426 0.1942 0.2200 0.5289
22.50 12.500 1.4007 0.0997 0.4998 2.6582 4.5885 2.0678 2.2301 0.2976 0.3312 0.4977
22.55 12.250 1.6648 0.1355 0.7813 2.6023 4.4587 2.1484 2.3144 0.3983 0.4398 0.4574
22.60 12.000 1.9289 0.3706 1.0633 2.5365 4.3138 2.2259 2.3951 0.4958 0.5450 0.4080
22.65 11.750 2.1930 0.6055 1.3458 2.4607 4.1536 2.2996 2.4715 0.5892 0.6463 0.3497
22.70 11.500 2.4571 0.8403 1.6288 2.3749 3.9778 2.3691 2.5432 0.6780 0.7429 0.2824
22.75 11.250 2.7212 1.0749 1.9123 2.2787 3.7862 2.4338 2.6094 0.7615 0.8339 0.2066
22.80 11.000 2.9852 1.3094 2.1964 2.1722 3.5785 2.4931 2.6697 0.8387 0.9186 0.1223
22.85 10.750 3.2493 1.5437 2.4809 2.0552 3.3545 2.5466 2.7233 0.9090 0.9960 0.0301
22.90 10.500 3.5134 1.7779 2.7660 1.9276 3.1139 2.5935 2.7697 0.9713 1.0652 0.0698
22.95 10.250 3.7775 2.0120 3.0516 1.7892 2.8565 2.6332 2.8083 1.0248 1.1252 0.1767
23.00 10.000 4.0416 2.2459 3.3378 1.6400 2.5819 2.6653 2.8383 1.0683 1.1748 0.2902
23.05 9.650 4.4057 2.5797 3.7245 1.5797 2.3899 2.5889 2.7590 1.2010 1.3129 0.3095
23.10 9.300 4.7698 2.9133 4.1117 1.5082 2.1802 2.5035 2.6699 1.3215 1.4383 0.3338
23.15 8.950 5.1339 3.2468 4.4994 1.4255 1.9526 2.4084 2.5700 1.4288 1.5497 0.3623
23.20 8.600 5.4979 3.5801 4.8877 1.3313 1.7068 2.3030 2.4588 1.5215 1.6457 0.3939
23.25 8.250 5.8620 3.9133 5.2766 1.2256 1.4426 2.1865 2.3355 1.5983 1.7249 0.4276
23.30 7.900 6.2261 4.2463 5.6660 1.1082 1.1595 2.0581 2.1993 1.6579 1.7858 0.4620
23.35 7.550 6.5902 4.5792 6.0559 0.9790 0.8574 1.9173 2.0493 1.6987 1.8268 0.4959
23.40 7.200 6.9543 4.9120 6.4464 0.8378 0.5360 1.7632 1.8849 1.7191 1.8463 0.5275
23.45 6.850 7.3184 5.2446 6.8375 0.6845 0.1950 1.5950 1.7052 1.7177 1.8424 0.5554
23.50 6.500 7.6825 5.5771 7.2291 0.5190 0.1660 1.4120 1.5093 1.6925 1.8134 0.5776
23.55 6.150 8.0466 5.9094 7.6213 0.3411 0.5471 1.2134 1.2963 1.6420 1.7573 0.5920
23.60 5.800 8.4106 6.2416 8.0140 0.1507 0.9487 0.9984 1.0655 1.5641 1.6720 0.5966
23.65 5.450 8.7747 6.5736 8.4074 0.0523 1.3710 0.7661 0.8159 1.4570 1.5556 0.5888
23.70 5.100 9.1388 6.9055 8.8013 0.2682 1.8145 0.5157 0.5465 1.3186 1.4057 0.5662
23.75 4.750 9.5029 7.2373 9.1958 0.4970 2.2793 0.2463 0.2565 1.1467 1.2200 0.5260
23.80 4.400 9.8670 7.5689 9.5908 0.7388 2.7658 0.0430 0.0551 0.9391 0.9962 0.4650
23.85 4.050 10.2311 7.9003 9.9865 0.9939 3.2742 0.3530 0.3894 0.6936 0.7318 0.3800
23.90 3.700 10.5952 8.2316 10.3827 1.2623 3.8050 0.6848 0.7472 0.4076 0.4240 0.2676
23.95 3.350 10.9592 8.5628 10.7795 1.5442 4.3583 1.0392 1.1297 0.0786 0.0702 0.1240
24.00 3.000 11.3233 8.8938 11.1769 1.8397 4.9345 1.4172 1.5378 0.2959 0.3324 0.0549
